#
#
#

System.CurrrentDirectory         ./    # default=./
System.Name                      CG15c-Kry
level.of.stdout                   1    # default=1 (1-3)
level.of.fileout                  0    # default=1 (1-3)

#
# Definition of Atomic Species
#

Species.Number        5
<Definition.of.Atomic.Species
   H   H5.0-s1       H_PBE13
   C   C5.0-s1p1     C_PBE13
   N   N5.0-s1p1     N_PBE13
   O   O5.0-s1p1     O_PBE13
   P   P7.0-s1p1d1   P_PBE13
Definition.of.Atomic.Species>

#
# Atoms
#

Atoms.Number        650
Atoms.SpeciesAndCoordinates.Unit   Ang # Ang|AU
<Atoms.SpeciesAndCoordinates
    1   P   -0.8080000000   -8.8730000000   -2.0800000000  2.5 2.5
    2   O   -0.1960000000  -10.1980000000   -1.8600000000  3.0 3.0
    3   O   -2.0290000000   -8.5830000000   -1.2900000000  3.0 3.0
    4   O    0.2700000000   -7.7250000000   -1.8300000000  3.0 3.0
    5   O    4.1890000000   -7.6820000000   -0.2500000000  3.0 3.0
    6   C    2.2520000000   -5.4100000000   -0.4700000000  2.0 2.0
    7   C    2.0350000000   -6.7400000000    0.2400000000  2.0 2.0
    8   C    2.8180000000   -7.7010000000   -0.6400000000  2.0 2.0
    9   C    2.6080000000   -7.1280000000   -2.0400000000  2.0 2.0
   10   C    1.3640000000   -7.5780000000   -2.7700000000  2.0 2.0
   11   O    2.5300000000   -5.6820000000   -1.8300000000  3.0 3.0
   12   N   -2.0050000000   -1.8960000000   -0.2700000000  2.5 2.5
   13   C   -1.0060000000   -2.7630000000   -0.3200000000  2.0 2.0
   14   N    0.2450000000   -2.2970000000   -0.2200000000  2.5 2.5
   15   C    1.3070000000   -3.1390000000   -0.2700000000  2.0 2.0
   16   O    2.4740000000   -2.7380000000   -0.1800000000  3.0 3.0
   17   N    1.0730000000   -4.5040000000   -0.4200000000  2.5 2.5
   18   C   -0.1920000000   -4.9860000000   -0.5200000000  2.0 2.0
   19   C   -1.2720000000   -4.1600000000   -0.4700000000  2.0 2.0
   20   H    3.1080000000   -4.8800000000   -0.0520000000  0.5 0.5
   21   H    2.4200000000   -6.7320000000    1.2600000000  0.5 0.5
   22   H    0.9820000000   -7.0150000000    0.2890000000  0.5 0.5
   23   H    2.4370000000   -8.7200000000   -0.5710000000  0.5 0.5
   24   H    3.4700000000   -7.4260000000   -2.6370000000  0.5 0.5
   25   H    1.1040000000   -6.8360000000   -3.5250000000  0.5 0.5
   26   H    1.5610000000   -8.5320000000   -3.2580000000  0.5 0.5
   27   H   -2.9780000000   -2.2260000000   -0.3440000000  0.5 0.5
   28   H   -1.8100000000   -0.8910000000   -0.1570000000  0.5 0.5
   29   H   -0.3460000000   -6.0580000000   -0.6430000000  0.5 0.5
   30   H   -2.2900000000   -4.5440000000   -0.5410000000  0.5 0.5
   31   P    4.5620000000   -7.6530000000    1.3000000000  2.5 2.5
   32   O    5.8360000000   -8.3660000000    1.5200000000  3.0 3.0
   33   O    3.4030000000   -8.1360000000    2.0900000000  3.0 3.0
   34   O    4.7590000000   -6.0910000000    1.5500000000  3.0 3.0
   35   O    7.9040000000   -3.7530000000    3.1300000000  3.0 3.0
   36   C    5.0020000000   -3.0530000000    2.9100000000  2.0 2.0
   37   C    5.6080000000   -4.2570000000    3.6200000000  2.0 2.0
   38   C    6.8060000000   -4.5740000000    2.7400000000  2.0 2.0
   39   C    6.3000000000   -4.2340000000    1.3400000000  2.0 2.0
   40   C    5.5580000000   -5.3290000000    0.6100000000  2.0 2.0
   41   O    5.3870000000   -3.1100000000    1.5500000000  3.0 3.0
   42   N   -0.5080000000   -2.7120000000    3.1100000000  2.5 2.5
   43   C    0.8100000000   -2.8270000000    3.0600000000  2.0 2.0
   44   N    1.5480000000   -1.7140000000    3.1600000000  2.5 2.5
   45   C    2.9020000000   -1.7710000000    3.1100000000  2.0 2.0
   46   O    3.6110000000   -0.7610000000    3.2000000000  3.0 3.0
   47   N    3.5150000000   -3.0130000000    2.9600000000  2.5 2.5
   48   C    2.7750000000   -4.1470000000    2.8600000000  2.0 2.0
   49   C    1.4160000000   -4.1130000000    2.9100000000  2.0 2.0
   50   H    5.3830000000   -2.1210000000    3.3280000000  0.5 0.5
   51   H    5.9150000000   -4.0240000000    4.6400000000  0.5 0.5
   52   H    4.9180000000   -5.0990000000    3.6690000000  0.5 0.5
   53   H    7.0970000000   -5.6220000000    2.8090000000  0.5 0.5
   54   H    7.1720000000   -3.9680000000    0.7430000000  0.5 0.5
   55   H    4.9110000000   -4.8820000000   -0.1450000000  0.5 0.5
   56   H    6.2780000000   -5.9850000000    0.1220000000  0.5 0.5
   57   H   -1.1000000000   -3.5510000000    3.0360000000  0.5 0.5
   58   H   -0.9400000000   -1.7850000000    3.2230000000  0.5 0.5
   59   H    3.2810000000   -5.1040000000    2.7370000000  0.5 0.5
   60   H    0.8190000000   -5.0220000000    2.8390000000  0.5 0.5
   61   P    8.1890000000   -3.5100000000    4.6800000000  2.5 2.5
   62   O    9.6380000000   -3.3380000000    4.9000000000  3.0 3.0
   63   O    7.5360000000   -4.5820000000    5.4700000000  3.0 3.0
   64   O    7.4300000000   -2.1300000000    4.9300000000  3.0 3.0
   65   O    8.6000000000    1.6100000000    6.5100000000  3.0 3.0
   66   C    5.8410000000    0.4700000000    6.2900000000  2.0 2.0
   67   C    7.0390000000   -0.1470000000    7.0000000000  2.0 2.0
   68   C    8.1950000000    0.3000000000    6.1200000000  2.0 2.0
   69   C    7.5850000000    0.2780000000    4.7200000000  2.0 2.0
   70   C    7.6290000000   -1.0440000000    3.9900000000  2.0 2.0
   71   O    6.1860000000    0.6500000000    4.9300000000  3.0 3.0
   72   N    1.1840000000   -2.4930000000    6.4900000000  2.5 2.5
   73   C    2.3170000000   -1.8110000000    6.4400000000  2.0 2.0
   74   N    2.2600000000   -0.4770000000    6.5400000000  2.5 2.5
   75   C    3.3890000000    0.2730000000    6.4900000000  2.0 2.0
   76   O    3.3680000000    1.5070000000    6.5800000000  3.0 3.0
   77   N    4.6150000000   -0.3710000000    6.3400000000  2.5 2.5
   78   C    4.6830000000   -1.7230000000    6.2400000000  2.0 2.0
   79   C    3.5630000000   -2.4950000000    6.2900000000  2.0 2.0
   80   H    5.6020000000    1.4480000000    6.7080000000  0.5 0.5
   81   H    7.1500000000    0.2210000000    8.0200000000  0.5 0.5
   82   H    6.9750000000   -1.2340000000    7.0490000000  0.5 0.5
   83   H    9.0460000000   -0.3770000000    6.1890000000  0.5 0.5
   84   H    8.1340000000    1.0060000000    4.1230000000  0.5 0.5
   85   H    6.8430000000   -1.0630000000    3.2350000000  0.5 0.5
   86   H    8.5970000000   -1.1520000000    3.5020000000  0.5 0.5
   87   H    1.1970000000   -3.5200000000    6.4160000000  0.5 0.5
   88   H    0.2880000000   -1.9960000000    6.6030000000  0.5 0.5
   89   H    5.6550000000   -2.2010000000    6.1170000000  0.5 0.5
   90   H    3.6140000000   -3.5820000000    6.2190000000  0.5 0.5
   91   P    8.6880000000    1.9730000000    8.0600000000  2.5 2.5
   92   O    9.7590000000    2.9650000000    8.2800000000  3.0 3.0
   93   O    8.7900000000    0.7230000000    8.8500000000  3.0 3.0
   94   O    7.2630000000    2.6440000000    8.3100000000  3.0 3.0
   95   O    6.0120000000    6.3580000000    9.8900000000  3.0 3.0
   96   C    4.4490000000    3.8140000000    9.6700000000  2.0 2.0
   97   C    5.7810000000    4.0180000000   10.3800000000  2.0 2.0
   98   C    6.4530000000    5.0600000000    9.5000000000  2.0 2.0
   99   C    5.9730000000    4.6830000000    8.1000000000  2.0 2.0
  100   C    6.7860000000    3.6390000000    7.3700000000  2.0 2.0
  101   O    4.6220000000    4.1620000000    8.3100000000  3.0 3.0
  102   N    2.4230000000   -1.3210000000    9.8700000000  2.5 2.5
  103   C    2.9390000000   -0.1030000000    9.8200000000  2.0 2.0
  104   N    2.1090000000    0.9430000000    9.9200000000  2.5 2.5
  105   C    2.5810000000    2.2130000000    9.8700000000  2.0 2.0
  106   O    1.8390000000    3.1990000000    9.9600000000  3.0 3.0
  107   N    3.9520000000    2.4120000000    9.7200000000  2.5 2.5
  108   C    4.8010000000    1.3580000000    9.6200000000  2.0 2.0
  109   C    4.3490000000    0.0760000000    9.6700000000  2.0 2.0
  110   H    3.6810000000    4.4640000000   10.0880000000  0.5 0.5
  111   H    5.6550000000    4.3820000000   11.4000000000  0.5 0.5
  112   H    6.3690000000    3.1010000000   10.4290000000  0.5 0.5
  113   H    7.5400000000    5.0130000000    9.5690000000  0.5 0.5
  114   H    5.9900000000    5.5950000000    7.5030000000  0.5 0.5
  115   H    6.1600000000    3.1620000000    6.6150000000  0.5 0.5
  116   H    7.6320000000    4.1210000000    6.8820000000  0.5 0.5
  117   H    3.0380000000   -2.1440000000    9.7960000000  0.5 0.5
  118   H    1.4070000000   -1.4460000000    9.9830000000  0.5 0.5
  119   H    5.8680000000    1.5430000000    9.4970000000  0.5 0.5
  120   H    5.0290000000   -0.7730000000    9.5990000000  0.5 0.5
  121   P    5.8690000000    6.7030000000   11.4400000000  2.5 2.5
  122   O    6.1530000000    8.1350000000   11.6600000000  3.0 3.0
  123   O    6.6860000000    5.7510000000   12.2300000000  3.0 3.0
  124   O    4.3220000000    6.4080000000   11.6900000000  3.0 3.0
  125   O    1.1260000000    8.6770000000   13.2700000000  3.0 3.0
  126   C    1.3580000000    5.7000000000   13.0500000000  2.0 2.0
  127   C    2.3150000000    6.6490000000   13.7600000000  2.0 2.0
  128   C    2.2470000000    7.8870000000   12.8800000000  2.0 2.0
  129   C    2.0800000000    7.3000000000   11.4800000000  2.0 2.0
  130   C    3.3510000000    6.9320000000   10.7500000000  2.0 2.0
  131   O    1.2930000000    6.0840000000   11.6900000000  3.0 3.0
  132   N    2.7370000000    0.3550000000   13.2500000000  2.5 2.5
  133   C    2.4380000000    1.6440000000   13.2000000000  2.0 2.0
  134   N    1.1520000000    2.0020000000   13.3000000000  2.5 2.5
  135   C    0.7880000000    3.3080000000   13.2500000000  2.0 2.0
  136   O   -0.3920000000    3.6690000000   13.3400000000  3.0 3.0
  137   N    1.7790000000    4.2750000000   13.1000000000  2.5 2.5
  138   C    3.0860000000    3.9210000000   13.0000000000  2.0 2.0
  139   C    3.4740000000    2.6180000000   13.0500000000  2.0 2.0
  140   H    0.3540000000    5.7750000000   13.4680000000  0.5 0.5
  141   H    1.9990000000    6.8690000000   14.7800000000  0.5 0.5
  142   H    3.3290000000    6.2520000000   13.8090000000  0.5 0.5
  143   H    3.1540000000    8.4870000000   12.9490000000  0.5 0.5
  144   H    1.5570000000    8.0470000000   10.8830000000  0.5 0.5
  145   H    3.1250000000    6.1800000000    9.9950000000  0.5 0.5
  146   H    3.7520000000    7.8200000000   10.2620000000  0.5 0.5
  147   H    3.7180000000    0.0510000000   13.1760000000  0.5 0.5
  148   H    1.9880000000   -0.3430000000   13.3630000000  0.5 0.5
  149   H    3.8410000000    4.6980000000   12.8770000000  0.5 0.5
  150   H    4.5230000000    2.3300000000   12.9790000000  0.5 0.5
  151   P    0.8080000000    8.8730000000   14.8200000000  2.5 2.5
  152   O    0.1960000000   10.1980000000   15.0400000000  3.0 3.0
  153   O    2.0290000000    8.5830000000   15.6100000000  3.0 3.0
  154   O   -0.2700000000    7.7250000000   15.0700000000  3.0 3.0
  155   O   -4.1890000000    7.6820000000   16.6500000000  3.0 3.0
  156   C   -2.2520000000    5.4100000000   16.4300000000  2.0 2.0
  157   C   -2.0350000000    6.7400000000   17.1400000000  2.0 2.0
  158   C   -2.8180000000    7.7010000000   16.2600000000  2.0 2.0
  159   C   -2.6080000000    7.1280000000   14.8600000000  2.0 2.0
  160   C   -1.3640000000    7.5780000000   14.1300000000  2.0 2.0
  161   O   -2.5300000000    5.6820000000   15.0700000000  3.0 3.0
  162   N    2.0050000000    1.8960000000   16.6300000000  2.5 2.5
  163   C    1.0060000000    2.7630000000   16.5800000000  2.0 2.0
  164   N   -0.2450000000    2.2970000000   16.6800000000  2.5 2.5
  165   C   -1.3070000000    3.1390000000   16.6300000000  2.0 2.0
  166   O   -2.4740000000    2.7380000000   16.7200000000  3.0 3.0
  167   N   -1.0730000000    4.5040000000   16.4800000000  2.5 2.5
  168   C    0.1920000000    4.9860000000   16.3800000000  2.0 2.0
  169   C    1.2720000000    4.1600000000   16.4300000000  2.0 2.0
  170   H   -3.1080000000    4.8800000000   16.8480000000  0.5 0.5
  171   H   -2.4200000000    6.7320000000   18.1600000000  0.5 0.5
  172   H   -0.9820000000    7.0150000000   17.1890000000  0.5 0.5
  173   H   -2.4370000000    8.7200000000   16.3290000000  0.5 0.5
  174   H   -3.4700000000    7.4260000000   14.2630000000  0.5 0.5
  175   H   -1.1040000000    6.8360000000   13.3750000000  0.5 0.5
  176   H   -1.5610000000    8.5320000000   13.6420000000  0.5 0.5
  177   H    2.9780000000    2.2260000000   16.5560000000  0.5 0.5
  178   H    1.8100000000    0.8910000000   16.7430000000  0.5 0.5
  179   H    0.3460000000    6.0580000000   16.2570000000  0.5 0.5
  180   H    2.2900000000    4.5440000000   16.3590000000  0.5 0.5
  181   P   -4.5620000000    7.6530000000   18.2000000000  2.5 2.5
  182   O   -5.8360000000    8.3660000000   18.4200000000  3.0 3.0
  183   O   -3.4030000000    8.1360000000   18.9900000000  3.0 3.0
  184   O   -4.7590000000    6.0910000000   18.4500000000  3.0 3.0
  185   O   -7.9040000000    3.7530000000   20.0300000000  3.0 3.0
  186   C   -5.0020000000    3.0530000000   19.8100000000  2.0 2.0
  187   C   -5.6080000000    4.2570000000   20.5200000000  2.0 2.0
  188   C   -6.8060000000    4.5740000000   19.6400000000  2.0 2.0
  189   C   -6.3000000000    4.2340000000   18.2400000000  2.0 2.0
  190   C   -5.5580000000    5.3290000000   17.5100000000  2.0 2.0
  191   O   -5.3870000000    3.1100000000   18.4500000000  3.0 3.0
  192   N    0.5080000000    2.7120000000   20.0100000000  2.5 2.5
  193   C   -0.8100000000    2.8270000000   19.9600000000  2.0 2.0
  194   N   -1.5480000000    1.7140000000   20.0600000000  2.5 2.5
  195   C   -2.9020000000    1.7710000000   20.0100000000  2.0 2.0
  196   O   -3.6110000000    0.7610000000   20.1000000000  3.0 3.0
  197   N   -3.5150000000    3.0130000000   19.8600000000  2.5 2.5
  198   C   -2.7750000000    4.1470000000   19.7600000000  2.0 2.0
  199   C   -1.4160000000    4.1130000000   19.8100000000  2.0 2.0
  200   H   -5.3830000000    2.1210000000   20.2280000000  0.5 0.5
  201   H   -5.9150000000    4.0240000000   21.5400000000  0.5 0.5
  202   H   -4.9180000000    5.0990000000   20.5690000000  0.5 0.5
  203   H   -7.0970000000    5.6220000000   19.7090000000  0.5 0.5
  204   H   -7.1720000000    3.9680000000   17.6430000000  0.5 0.5
  205   H   -4.9110000000    4.8820000000   16.7550000000  0.5 0.5
  206   H   -6.2780000000    5.9850000000   17.0220000000  0.5 0.5
  207   H    1.1000000000    3.5510000000   19.9360000000  0.5 0.5
  208   H    0.9400000000    1.7850000000   20.1230000000  0.5 0.5
  209   H   -3.2810000000    5.1040000000   19.6370000000  0.5 0.5
  210   H   -0.8190000000    5.0220000000   19.7390000000  0.5 0.5
  211   P   -8.1890000000    3.5100000000   21.5800000000  2.5 2.5
  212   O   -9.2390000000    3.7310000000   22.1190000000  3.0 3.0
  213   O   -7.5360000000    4.5820000000   22.3700000000  3.0 3.0
  214   O   -7.4300000000    2.1300000000   21.8300000000  3.0 3.0
  215   O   -8.6000000000   -1.6100000000   23.4100000000  3.0 3.0
  216   C   -5.8410000000   -0.4700000000   23.1900000000  2.0 2.0
  217   C   -7.0390000000    0.1470000000   23.9000000000  2.0 2.0
  218   C   -8.1950000000   -0.3000000000   23.0200000000  2.0 2.0
  219   C   -7.5850000000   -0.2780000000   21.6200000000  2.0 2.0
  220   C   -7.6290000000    1.0440000000   20.8900000000  2.0 2.0
  221   O   -6.1860000000   -0.6500000000   21.8300000000  3.0 3.0
  222   N   -1.1840000000    2.4930000000   23.3900000000  2.5 2.5
  223   C   -2.3170000000    1.8110000000   23.3400000000  2.0 2.0
  224   N   -2.2600000000    0.4770000000   23.4400000000  2.5 2.5
  225   C   -3.3890000000   -0.2730000000   23.3900000000  2.0 2.0
  226   O   -3.3690000000   -1.5070000000   23.4800000000  3.0 3.0
  227   N   -4.6150000000    0.3710000000   23.2400000000  2.5 2.5
  228   C   -4.6830000000    1.7230000000   23.1400000000  2.0 2.0
  229   C   -3.5630000000    2.4950000000   23.1900000000  2.0 2.0
  230   H   -5.6020000000   -1.4480000000   23.6080000000  0.5 0.5
  231   H   -7.1500000000   -0.2210000000   24.9200000000  0.5 0.5
  232   H   -6.9750000000    1.2340000000   23.9490000000  0.5 0.5
  233   H   -9.0460000000    0.3770000000   23.0890000000  0.5 0.5
  234   H   -8.1340000000   -1.0060000000   21.0230000000  0.5 0.5
  235   H   -6.8430000000    1.0630000000   20.1350000000  0.5 0.5
  236   H   -8.5970000000    1.1520000000   20.4020000000  0.5 0.5
  237   H   -1.1970000000    3.5200000000   23.3160000000  0.5 0.5
  238   H   -0.2880000000    1.9960000000   23.5030000000  0.5 0.5
  239   H   -5.6550000000    2.2010000000   23.0170000000  0.5 0.5
  240   H   -3.6140000000    3.5820000000   23.1190000000  0.5 0.5
  241   P   -8.6880000000   -1.9730000000   24.9600000000  2.5 2.5
  242   O   -9.7590000000   -2.9650000000   25.1800000000  3.0 3.0
  243   O   -8.7900000000   -0.7230000000   25.7500000000  3.0 3.0
  244   O   -7.2630000000   -2.6440000000   25.2100000000  3.0 3.0
  245   O   -6.0120000000   -6.3580000000   26.7900000000  3.0 3.0
  246   C   -4.4490000000   -3.8140000000   26.5700000000  2.0 2.0
  247   C   -5.7810000000   -4.0180000000   27.2800000000  2.0 2.0
  248   C   -6.4530000000   -5.0600000000   26.4000000000  2.0 2.0
  249   C   -5.9730000000   -4.6830000000   25.0000000000  2.0 2.0
  250   C   -6.7860000000   -3.6390000000   24.2700000000  2.0 2.0
  251   O   -4.6220000000   -4.1620000000   25.2100000000  3.0 3.0
  252   N   -2.4230000000    1.3210000000   26.7700000000  2.5 2.5
  253   C   -2.9390000000    0.1030000000   26.7200000000  2.0 2.0
  254   N   -2.1090000000   -0.9430000000   26.8200000000  2.5 2.5
  255   C   -2.5810000000   -2.2130000000   26.7700000000  2.0 2.0
  256   O   -1.8390000000   -3.1990000000   26.8600000000  3.0 3.0
  257   N   -3.9520000000   -2.4120000000   26.6200000000  2.5 2.5
  258   C   -4.8010000000   -1.3580000000   26.5200000000  2.0 2.0
  259   C   -4.3490000000   -0.0760000000   26.5700000000  2.0 2.0
  260   H   -3.6810000000   -4.4640000000   26.9880000000  0.5 0.5
  261   H   -5.6550000000   -4.3820000000   28.3000000000  0.5 0.5
  262   H   -6.3690000000   -3.1010000000   27.3290000000  0.5 0.5
  263   H   -7.5400000000   -5.0130000000   26.4690000000  0.5 0.5
  264   H   -5.9900000000   -5.5950000000   24.4030000000  0.5 0.5
  265   H   -6.1600000000   -3.1620000000   23.5150000000  0.5 0.5
  266   H   -7.6320000000   -4.1210000000   23.7820000000  0.5 0.5
  267   H   -3.0380000000    2.1440000000   26.6960000000  0.5 0.5
  268   H   -1.4070000000    1.4460000000   26.8830000000  0.5 0.5
  269   H   -5.8680000000   -1.5430000000   26.3970000000  0.5 0.5
  270   H   -5.0290000000    0.7730000000   26.4990000000  0.5 0.5
  271   P   -5.8690000000   -6.7030000000   28.3400000000  2.5 2.5
  272   O   -6.1530000000   -8.1350000000   28.5600000000  3.0 3.0
  273   O   -6.6860000000   -5.7510000000   29.1300000000  3.0 3.0
  274   O   -4.3220000000   -6.4080000000   28.5900000000  3.0 3.0
  275   O   -1.1260000000   -8.6770000000   30.1700000000  3.0 3.0
  276   C   -1.3580000000   -5.7000000000   29.9500000000  2.0 2.0
  277   C   -2.3150000000   -6.6490000000   30.6600000000  2.0 2.0
  278   C   -2.2470000000   -7.8870000000   29.7800000000  2.0 2.0
  279   C   -2.0800000000   -7.3000000000   28.3800000000  2.0 2.0
  280   C   -3.3510000000   -6.9320000000   27.6500000000  2.0 2.0
  281   O   -1.2930000000   -6.0840000000   28.5900000000  3.0 3.0
  282   N   -2.7370000000   -0.3550000000   30.1500000000  2.5 2.5
  283   C   -2.4380000000   -1.6440000000   30.1000000000  2.0 2.0
  284   N   -1.1520000000   -2.0020000000   30.2000000000  2.5 2.5
  285   C   -0.7880000000   -3.3080000000   30.1500000000  2.0 2.0
  286   O    0.3920000000   -3.6690000000   30.2400000000  3.0 3.0
  287   N   -1.7790000000   -4.2750000000   30.0000000000  2.5 2.5
  288   C   -3.0860000000   -3.9210000000   29.9000000000  2.0 2.0
  289   C   -3.4740000000   -2.6180000000   29.9500000000  2.0 2.0
  290   H   -0.3540000000   -5.7750000000   30.3680000000  0.5 0.5
  291   H   -1.9990000000   -6.8690000000   31.6800000000  0.5 0.5
  292   H   -3.3290000000   -6.2520000000   30.7090000000  0.5 0.5
  293   H   -3.1540000000   -8.4870000000   29.8490000000  0.5 0.5
  294   H   -1.5570000000   -8.0470000000   27.7830000000  0.5 0.5
  295   H   -3.1250000000   -6.1800000000   26.8950000000  0.5 0.5
  296   H   -3.7520000000   -7.8200000000   27.1620000000  0.5 0.5
  297   H   -3.7180000000   -0.0510000000   30.0760000000  0.5 0.5
  298   H   -1.9880000000    0.3430000000   30.2630000000  0.5 0.5
  299   H   -3.8410000000   -4.6980000000   29.7770000000  0.5 0.5
  300   H   -4.5230000000   -2.3300000000   29.8790000000  0.5 0.5
  301   P    4.5620000000    7.6530000000   32.5000000000  2.5 2.5
  302   O    5.8360000000    8.3660000000   32.2800000000  3.0 3.0
  303   O    3.4030000000    8.1360000000   31.7100000000  3.0 3.0
  304   O    4.7590000000    6.0910000000   32.2500000000  3.0 3.0
  305   O    7.9040000000    3.7530000000   30.6700000000  3.0 3.0
  306   C    5.0020000000    3.0530000000   30.8900000000  2.0 2.0
  307   C    5.6080000000    4.2570000000   30.1800000000  2.0 2.0
  308   C    6.8060000000    4.5740000000   31.0600000000  2.0 2.0
  309   C    6.3000000000    4.2340000000   32.4600000000  2.0 2.0
  310   C    5.5580000000    5.3290000000   33.1900000000  2.0 2.0
  311   O    5.3870000000    3.1100000000   32.2500000000  3.0 3.0
  312   N    2.5580000000   -1.5870000000   30.3200000000  2.5 2.5
  313   O   -0.8190000000    1.5010000000   30.5500000000  3.0 3.0
  314   C    0.4000000000    1.3310000000   30.5700000000  2.0 2.0
  315   C    1.4310000000    2.2890000000   30.7000000000  2.0 2.0
  316   N    1.3600000000    3.6770000000   30.8400000000  2.5 2.5
  317   C    2.6110000000    4.0510000000   30.9200000000  2.0 2.0
  318   N    3.5150000000    3.0130000000   30.8400000000  2.5 2.5
  319   C    2.7510000000    1.8760000000   30.7000000000  2.0 2.0
  320   N    3.2320000000    0.6110000000   30.5800000000  2.5 2.5
  321   C    2.2620000000   -0.2900000000   30.4500000000  2.0 2.0
  322   N    0.9190000000    0.0300000000   30.4500000000  2.5 2.5
  323   H    5.3830000000    2.1210000000   30.4720000000  0.5 0.5
  324   H    5.9150000000    4.0240000000   29.1600000000  0.5 0.5
  325   H    4.9180000000    5.0990000000   30.1310000000  0.5 0.5
  326   H    7.0970000000    5.6220000000   30.9910000000  0.5 0.5
  327   H    7.1720000000    3.9680000000   33.0570000000  0.5 0.5
  328   H    4.9110000000    4.8820000000   33.9450000000  0.5 0.5
  329   H    6.2780000000    5.9850000000   33.6780000000  0.5 0.5
  330   H    3.5420000000   -1.8920000000   30.3130000000  0.5 0.5
  331   H    1.8030000000   -2.2810000000   30.2270000000  0.5 0.5
  332   H    2.9120000000    5.0920000000   31.0390000000  0.5 0.5
  333   H    0.2460000000   -0.7430000000   30.3550000000  0.5 0.5
  334   P    8.1890000000    3.5100000000   29.1200000000  2.5 2.5
  335   O    9.6380000000    3.3380000000   28.9000000000  3.0 3.0
  336   O    7.5360000000    4.5820000000   28.3300000000  3.0 3.0
  337   O    7.4300000000    2.1300000000   28.8700000000  3.0 3.0
  338   O    8.6000000000   -1.6100000000   27.2900000000  3.0 3.0
  339   C    5.8410000000   -0.4700000000   27.5100000000  2.0 2.0
  340   C    7.0390000000    0.1470000000   26.8000000000  2.0 2.0
  341   C    8.1950000000   -0.3000000000   27.6800000000  2.0 2.0
  342   C    7.5850000000   -0.2780000000   29.0800000000  2.0 2.0
  343   C    7.6290000000    1.0440000000   29.8100000000  2.0 2.0
  344   O    6.1860000000   -0.6500000000   28.8700000000  3.0 3.0
  345   N    1.1370000000   -2.7870000000   26.9400000000  2.5 2.5
  346   O    0.2200000000    1.6960000000   27.1700000000  3.0 3.0
  347   C    1.1060000000    0.8420000000   27.1900000000  2.0 2.0
  348   C    2.5030000000    1.0110000000   27.3200000000  2.0 2.0
  349   N    3.2610000000    2.1750000000   27.4600000000  2.5 2.5
  350   C    4.4930000000    1.7430000000   27.5400000000  2.0 2.0
  351   N    4.6150000000    0.3710000000   27.4600000000  2.5 2.5
  352   C    3.3290000000   -0.0990000000   27.3200000000  2.0 2.0
  353   N    2.9740000000   -1.4060000000   27.2000000000  2.5 2.5
  354   C    1.6590000000   -1.5640000000   27.0700000000  2.0 2.0
  355   N    0.7620000000   -0.5160000000   27.0700000000  2.5 2.5
  356   H    5.6020000000   -1.4480000000   27.0920000000  0.5 0.5
  357   H    7.1500000000   -0.2210000000   25.7800000000  0.5 0.5
  358   H    6.9750000000    1.2340000000   26.7510000000  0.5 0.5
  359   H    9.0460000000    0.3770000000   27.6110000000  0.5 0.5
  360   H    8.1340000000   -1.0060000000   29.6770000000  0.5 0.5
  361   H    6.8430000000    1.0630000000   30.5650000000  0.5 0.5
  362   H    8.5970000000    1.1520000000   30.2980000000  0.5 0.5
  363   H    1.7530000000   -3.6120000000   26.9320000000  0.5 0.5
  364   H    0.1180000000   -2.9050000000   26.8470000000  0.5 0.5
  365   H    5.3490000000    2.4080000000   27.6590000000  0.5 0.5
  366   H   -0.2380000000   -0.7460000000   26.9750000000  0.5 0.5
  367   P    8.6880000000   -1.9730000000   25.7400000000  2.5 2.5
  368   O    9.7590000000   -2.9650000000   25.5200000000  3.0 3.0
  369   O    8.7900000000   -0.7230000000   24.9500000000  3.0 3.0
  370   O    7.2630000000   -2.6440000000   25.4900000000  3.0 3.0
  371   O    6.0120000000   -6.3580000000   23.9100000000  3.0 3.0
  372   C    4.4490000000   -3.8140000000   24.1300000000  2.0 2.0
  373   C    5.7810000000   -4.0180000000   23.4200000000  2.0 2.0
  374   C    6.4530000000   -5.0600000000   24.3000000000  2.0 2.0
  375   C    5.9730000000   -4.6830000000   25.7000000000  2.0 2.0
  376   C    6.7860000000   -3.6390000000   26.4300000000  2.0 2.0
  377   O    4.6220000000   -4.1620000000   25.4900000000  3.0 3.0
  378   N   -0.7180000000   -2.9230000000   23.5600000000  2.5 2.5
  379   O    1.1750000000    1.2430000000   23.7900000000  3.0 3.0
  380   C    1.3900000000    0.0310000000   23.8100000000  2.0 2.0
  381   C    2.6190000000   -0.6530000000   23.9400000000  2.0 2.0
  382   N    3.9170000000   -0.1570000000   24.0800000000  2.5 2.5
  383   C    4.6600000000   -1.2310000000   24.1600000000  2.0 2.0
  384   N    3.9520000000   -2.4120000000   24.0800000000  2.5 2.5
  385   C    2.6350000000   -2.0370000000   23.9400000000  2.0 2.0
  386   N    1.5800000000   -2.8850000000   23.8200000000  2.5 2.5
  387   C    0.4230000000   -2.2400000000   23.6900000000  2.0 2.0
  388   N    0.3130000000   -0.8650000000   23.6900000000  2.5 2.5
  389   H    3.6810000000   -4.4640000000   23.7120000000  0.5 0.5
  390   H    5.6550000000   -4.3820000000   22.4000000000  0.5 0.5
  391   H    6.3690000000   -3.1010000000   23.3710000000  0.5 0.5
  392   H    7.5400000000   -5.0130000000   24.2310000000  0.5 0.5
  393   H    5.9900000000   -5.5950000000   26.2970000000  0.5 0.5
  394   H    6.1600000000   -3.1620000000   27.1850000000  0.5 0.5
  395   H    7.6320000000   -4.1210000000   26.9180000000  0.5 0.5
  396   H   -0.7050000000   -3.9530000000   23.5520000000  0.5 0.5
  397   H   -1.6120000000   -2.4190000000   23.4670000000  0.5 0.5
  398   H    5.7420000000   -1.1960000000   24.2790000000  0.5 0.5
  399   H   -0.6310000000   -0.4640000000   23.5950000000  0.5 0.5
  400   P    5.8690000000   -6.7030000000   22.3600000000  2.5 2.5
  401   O    6.1530000000   -8.1350000000   22.1400000000  3.0 3.0
  402   O    6.6860000000   -5.7510000000   21.5700000000  3.0 3.0
  403   O    4.3220000000   -6.4080000000   22.1100000000  3.0 3.0
  404   O    1.1260000000   -8.6770000000   20.5300000000  3.0 3.0
  405   C    1.3580000000   -5.7000000000   20.7500000000  2.0 2.0
  406   C    2.3150000000   -6.6490000000   20.0400000000  2.0 2.0
  407   C    2.2470000000   -7.8870000000   20.9200000000  2.0 2.0
  408   C    2.0800000000   -7.3000000000   22.3200000000  2.0 2.0
  409   C    3.3510000000   -6.9320000000   23.0500000000  2.0 2.0
  410   O    1.2930000000   -6.0840000000   22.1100000000  3.0 3.0
  411   N   -2.2990000000   -1.9430000000   20.1800000000  2.5 2.5
  412   O    1.6810000000    0.3150000000   20.4100000000  3.0 3.0
  413   C    1.1430000000   -0.7920000000   20.4300000000  2.0 2.0
  414   C    1.7350000000   -2.0680000000   20.5600000000  2.0 2.0
  415   N    3.0770000000   -2.4300000000   20.7000000000  2.5 2.5
  416   C    3.0460000000   -3.7350000000   20.7800000000  2.0 2.0
  417   N    1.7790000000   -4.2750000000   20.7000000000  2.5 2.5
  418   C    0.9340000000   -3.1960000000   20.5600000000  2.0 2.0
  419   N   -0.4180000000   -3.2630000000   20.4400000000  2.5 2.5
  420   C   -0.9740000000   -2.0610000000   20.3100000000  2.0 2.0
  421   N   -0.2550000000   -0.8840000000   20.3100000000  2.5 2.5
  422   H    0.3540000000   -5.7750000000   20.3320000000  0.5 0.5
  423   H    1.9990000000   -6.8690000000   19.0200000000  0.5 0.5
  424   H    3.3290000000   -6.2520000000   19.9910000000  0.5 0.5
  425   H    3.1540000000   -8.4870000000   20.8510000000  0.5 0.5
  426   H    1.5570000000   -8.0470000000   22.9170000000  0.5 0.5
  427   H    3.1250000000   -6.1800000000   23.8050000000  0.5 0.5
  428   H    3.7520000000   -7.8200000000   23.5380000000  0.5 0.5
  429   H   -2.8940000000   -2.7840000000   20.1720000000  0.5 0.5
  430   H   -2.7260000000   -1.0100000000   20.0870000000  0.5 0.5
  431   H    3.9430000000   -4.3430000000   20.8990000000  0.5 0.5
  432   H   -0.7830000000   -0.0050000000   20.2150000000  0.5 0.5
  433   P    0.8080000000   -8.8730000000   18.9800000000  2.5 2.5
  434   O    0.1960000000  -10.1980000000   18.7600000000  3.0 3.0
  435   O    2.0290000000   -8.5830000000   18.1900000000  3.0 3.0
  436   O   -0.2700000000   -7.7250000000   18.7300000000  3.0 3.0
  437   O   -4.1890000000   -7.6820000000   17.1500000000  3.0 3.0
  438   C   -2.2520000000   -5.4100000000   17.3700000000  2.0 2.0
  439   C   -2.0350000000   -6.7400000000   16.6600000000  2.0 2.0
  440   C   -2.8180000000   -7.7010000000   17.5400000000  2.0 2.0
  441   C   -2.6080000000   -7.1280000000   18.9400000000  2.0 2.0
  442   C   -1.3640000000   -7.5780000000   19.6700000000  2.0 2.0
  443   O   -2.5300000000   -5.6820000000   18.7300000000  3.0 3.0
  444   N   -3.0020000000   -0.2200000000   16.8000000000  2.5 2.5
  445   O    1.5450000000   -0.7330000000   17.0300000000  3.0 3.0
  446   C    0.4590000000   -1.3120000000   17.0500000000  2.0 2.0
  447   C    0.1880000000   -2.6930000000   17.1800000000  2.0 2.0
  448   N    1.0610000000   -3.7740000000   17.3200000000  2.5 2.5
  449   C    0.2690000000   -4.8120000000   17.4000000000  2.0 2.0
  450   N   -1.0730000000   -4.5040000000   17.3200000000  2.5 2.5
  451   C   -1.1230000000   -3.1350000000   17.1800000000  2.0 2.0
  452   N   -2.2560000000   -2.3940000000   17.0600000000  2.5 2.5
  453   C   -2.0000000000   -1.0950000000   16.9300000000  2.0 2.0
  454   N   -0.7260000000   -0.5650000000   16.9300000000  2.5 2.5
  455   H   -3.1080000000   -4.8800000000   16.9520000000  0.5 0.5
  456   H   -2.4200000000   -6.7320000000   15.6400000000  0.5 0.5
  457   H   -0.9820000000   -7.0150000000   16.6110000000  0.5 0.5
  458   H   -2.4370000000   -8.7200000000   17.4710000000  0.5 0.5
  459   H   -3.4700000000   -7.4260000000   19.5370000000  0.5 0.5
  460   H   -1.1040000000   -6.8360000000   20.4250000000  0.5 0.5
  461   H   -1.5610000000   -8.5320000000   20.1580000000  0.5 0.5
  462   H   -3.9770000000   -0.5510000000   16.7920000000  0.5 0.5
  463   H   -2.7990000000    0.7860000000   16.7070000000  0.5 0.5
  464   H    0.6370000000   -5.8310000000   17.5190000000  0.5 0.5
  465   H   -0.6360000000    0.4570000000   16.8350000000  0.5 0.5
  466   P   -4.5620000000   -7.6530000000   15.6000000000  2.5 2.5
  467   O   -5.8360000000   -8.3660000000   15.3800000000  3.0 3.0
  468   O   -3.4030000000   -8.1360000000   14.8100000000  3.0 3.0
  469   O   -4.7590000000   -6.0910000000   15.3500000000  3.0 3.0
  470   O   -7.9040000000   -3.7530000000   13.7700000000  3.0 3.0
  471   C   -5.0020000000   -3.0530000000   13.9900000000  2.0 2.0
  472   C   -5.6080000000   -4.2570000000   13.2800000000  2.0 2.0
  473   C   -6.8060000000   -4.5740000000   14.1600000000  2.0 2.0
  474   C   -6.3000000000   -4.2340000000   15.5600000000  2.0 2.0
  475   C   -5.5580000000   -5.3290000000   16.2900000000  2.0 2.0
  476   O   -5.3870000000   -3.1100000000   15.3500000000  3.0 3.0
  477   N   -2.5580000000    1.5870000000   13.4200000000  2.5 2.5
  478   O    0.8190000000   -1.5010000000   13.6500000000  3.0 3.0
  479   C   -0.4000000000   -1.3310000000   13.6700000000  2.0 2.0
  480   C   -1.4310000000   -2.2890000000   13.8000000000  2.0 2.0
  481   N   -1.3600000000   -3.6770000000   13.9400000000  2.5 2.5
  482   C   -2.6110000000   -4.0510000000   14.0200000000  2.0 2.0
  483   N   -3.5150000000   -3.0130000000   13.9400000000  2.5 2.5
  484   C   -2.7510000000   -1.8760000000   13.8000000000  2.0 2.0
  485   N   -3.2320000000   -0.6110000000   13.6800000000  2.5 2.5
  486   C   -2.2620000000    0.2900000000   13.5500000000  2.0 2.0
  487   N   -0.9190000000   -0.0300000000   13.5500000000  2.5 2.5
  488   H   -5.3830000000   -2.1210000000   13.5720000000  0.5 0.5
  489   H   -5.9150000000   -4.0240000000   12.2600000000  0.5 0.5
  490   H   -4.9180000000   -5.0990000000   13.2310000000  0.5 0.5
  491   H   -7.0970000000   -5.6220000000   14.0910000000  0.5 0.5
  492   H   -7.1720000000   -3.9680000000   16.1570000000  0.5 0.5
  493   H   -4.9110000000   -4.8820000000   17.0450000000  0.5 0.5
  494   H   -6.2780000000   -5.9850000000   16.7780000000  0.5 0.5
  495   H   -3.5420000000    1.8920000000   13.4120000000  0.5 0.5
  496   H   -1.8030000000    2.2810000000   13.3270000000  0.5 0.5
  497   H   -2.9120000000   -5.0920000000   14.1390000000  0.5 0.5
  498   H   -0.2460000000    0.7430000000   13.4550000000  0.5 0.5
  499   P   -8.1890000000   -3.5100000000   12.2200000000  2.5 2.5
  500   O   -9.6380000000   -3.3380000000   12.0000000000  3.0 3.0
  501   O   -7.5360000000   -4.5820000000   11.4300000000  3.0 3.0
  502   O   -7.4300000000   -2.1300000000   11.9700000000  3.0 3.0
  503   O   -8.6000000000    1.6100000000   10.3900000000  3.0 3.0
  504   C   -5.8410000000    0.4700000000   10.6100000000  2.0 2.0
  505   C   -7.0390000000   -0.1470000000    9.9000000000  2.0 2.0
  506   C   -8.1950000000    0.3000000000   10.7800000000  2.0 2.0
  507   C   -7.5850000000    0.2780000000   12.1800000000  2.0 2.0
  508   C   -7.6290000000   -1.0440000000   12.9100000000  2.0 2.0
  509   O   -6.1860000000    0.6500000000   11.9700000000  3.0 3.0
  510   N   -1.1370000000    2.7870000000   10.0400000000  2.5 2.5
  511   O   -0.2200000000   -1.6960000000   10.2700000000  3.0 3.0
  512   C   -1.1060000000   -0.8420000000   10.2900000000  2.0 2.0
  513   C   -2.5030000000   -1.0110000000   10.4200000000  2.0 2.0
  514   N   -3.2610000000   -2.1750000000   10.5600000000  2.5 2.5
  515   C   -4.4930000000   -1.7430000000   10.6400000000  2.0 2.0
  516   N   -4.6150000000   -0.3710000000   10.5600000000  2.5 2.5
  517   C   -3.3290000000    0.0990000000   10.4200000000  2.0 2.0
  518   N   -2.9740000000    1.4060000000   10.3000000000  2.5 2.5
  519   C   -1.6590000000    1.5640000000   10.1700000000  2.0 2.0
  520   N   -0.7620000000    0.5160000000   10.1700000000  2.5 2.5
  521   H   -5.6020000000    1.4480000000   10.1920000000  0.5 0.5
  522   H   -7.1500000000    0.2210000000    8.8800000000  0.5 0.5
  523   H   -6.9750000000   -1.2340000000    9.8510000000  0.5 0.5
  524   H   -9.0460000000   -0.3770000000   10.7110000000  0.5 0.5
  525   H   -8.1340000000    1.0060000000   12.7770000000  0.5 0.5
  526   H   -6.8430000000   -1.0630000000   13.6650000000  0.5 0.5
  527   H   -8.5970000000   -1.1520000000   13.3980000000  0.5 0.5
  528   H   -1.7530000000    3.6120000000   10.0320000000  0.5 0.5
  529   H   -0.1180000000    2.9050000000    9.9470000000  0.5 0.5
  530   H   -5.3490000000   -2.4080000000   10.7590000000  0.5 0.5
  531   H    0.2380000000    0.7460000000   10.0750000000  0.5 0.5
  532   P   -8.6880000000    1.9730000000    8.8400000000  2.5 2.5
  533   O   -9.7590000000    2.9650000000    8.6200000000  3.0 3.0
  534   O   -8.7900000000    0.7230000000    8.0500000000  3.0 3.0
  535   O   -7.2630000000    2.6440000000    8.5900000000  3.0 3.0
  536   O   -6.0120000000    6.3580000000    7.0100000000  3.0 3.0
  537   C   -4.4490000000    3.8140000000    7.2300000000  2.0 2.0
  538   C   -5.7810000000    4.0180000000    6.5200000000  2.0 2.0
  539   C   -6.4530000000    5.0600000000    7.4000000000  2.0 2.0
  540   C   -5.9730000000    4.6830000000    8.8000000000  2.0 2.0
  541   C   -6.7860000000    3.6390000000    9.5300000000  2.0 2.0
  542   O   -4.6220000000    4.1620000000    8.5900000000  3.0 3.0
  543   N    0.7180000000    2.9230000000    6.6600000000  2.5 2.5
  544   O   -1.1750000000   -1.2430000000    6.8900000000  3.0 3.0
  545   C   -1.3900000000   -0.0310000000    6.9100000000  2.0 2.0
  546   C   -2.6190000000    0.6530000000    7.0400000000  2.0 2.0
  547   N   -3.9170000000    0.1570000000    7.1800000000  2.5 2.5
  548   C   -4.6600000000    1.2310000000    7.2600000000  2.0 2.0
  549   N   -3.9520000000    2.4120000000    7.1800000000  2.5 2.5
  550   C   -2.6350000000    2.0370000000    7.0400000000  2.0 2.0
  551   N   -1.5800000000    2.8850000000    6.9200000000  2.5 2.5
  552   C   -0.4230000000    2.2400000000    6.7900000000  2.0 2.0
  553   N   -0.3130000000    0.8650000000    6.7900000000  2.5 2.5
  554   H   -3.6810000000    4.4640000000    6.8120000000  0.5 0.5
  555   H   -5.6550000000    4.3820000000    5.5000000000  0.5 0.5
  556   H   -6.3690000000    3.1010000000    6.4710000000  0.5 0.5
  557   H   -7.5400000000    5.0130000000    7.3310000000  0.5 0.5
  558   H   -5.9900000000    5.5950000000    9.3970000000  0.5 0.5
  559   H   -6.1600000000    3.1620000000   10.2850000000  0.5 0.5
  560   H   -7.6320000000    4.1210000000   10.0180000000  0.5 0.5
  561   H    0.7050000000    3.9530000000    6.6520000000  0.5 0.5
  562   H    1.6120000000    2.4190000000    6.5670000000  0.5 0.5
  563   H   -5.7420000000    1.1960000000    7.3790000000  0.5 0.5
  564   H    0.6310000000    0.4640000000    6.6950000000  0.5 0.5
  565   P   -5.8690000000    6.7030000000    5.4600000000  2.5 2.5
  566   O   -6.1530000000    8.1350000000    5.2400000000  3.0 3.0
  567   O   -6.6860000000    5.7510000000    4.6700000000  3.0 3.0
  568   O   -4.3220000000    6.4080000000    5.2100000000  3.0 3.0
  569   O   -1.1260000000    8.6770000000    3.6300000000  3.0 3.0
  570   C   -1.3580000000    5.7000000000    3.8500000000  2.0 2.0
  571   C   -2.3150000000    6.6490000000    3.1400000000  2.0 2.0
  572   C   -2.2470000000    7.8870000000    4.0200000000  2.0 2.0
  573   C   -2.0800000000    7.3000000000    5.4200000000  2.0 2.0
  574   C   -3.3510000000    6.9320000000    6.1500000000  2.0 2.0
  575   O   -1.2930000000    6.0840000000    5.2100000000  3.0 3.0
  576   N    2.2990000000    1.9430000000    3.2800000000  2.5 2.5
  577   O   -1.6810000000   -0.3150000000    3.5100000000  3.0 3.0
  578   C   -1.1430000000    0.7920000000    3.5300000000  2.0 2.0
  579   C   -1.7350000000    2.0680000000    3.6600000000  2.0 2.0
  580   N   -3.0770000000    2.4300000000    3.8000000000  2.5 2.5
  581   C   -3.0460000000    3.7350000000    3.8800000000  2.0 2.0
  582   N   -1.7790000000    4.2750000000    3.8000000000  2.5 2.5
  583   C   -0.9340000000    3.1960000000    3.6600000000  2.0 2.0
  584   N    0.4180000000    3.2630000000    3.5400000000  2.5 2.5
  585   C    0.9740000000    2.0610000000    3.4100000000  2.0 2.0
  586   N    0.2550000000    0.8840000000    3.4100000000  2.5 2.5
  587   H   -0.3540000000    5.7750000000    3.4320000000  0.5 0.5
  588   H   -1.9990000000    6.8690000000    2.1200000000  0.5 0.5
  589   H   -3.3290000000    6.2520000000    3.0910000000  0.5 0.5
  590   H   -3.1540000000    8.4870000000    3.9510000000  0.5 0.5
  591   H   -1.5570000000    8.0470000000    6.0170000000  0.5 0.5
  592   H   -3.1250000000    6.1800000000    6.9050000000  0.5 0.5
  593   H   -3.7520000000    7.8200000000    6.6380000000  0.5 0.5
  594   H    2.8940000000    2.7840000000    3.2720000000  0.5 0.5
  595   H    2.7260000000    1.0100000000    3.1870000000  0.5 0.5
  596   H   -3.9430000000    4.3430000000    3.9990000000  0.5 0.5
  597   H    0.7830000000    0.0050000000    3.3150000000  0.5 0.5
  598   P   -0.8080000000    8.8730000000    2.0800000000  2.5 2.5
  599   O   -0.1960000000   10.1980000000    1.8600000000  3.0 3.0
  600   O   -2.0290000000    8.5830000000    1.2900000000  3.0 3.0
  601   O    0.2700000000    7.7250000000    1.8300000000  3.0 3.0
  602   O    4.1890000000    7.6820000000    0.2500000000  3.0 3.0
  603   C    2.2520000000    5.4100000000    0.4700000000  2.0 2.0
  604   C    2.0350000000    6.7400000000   -0.2400000000  2.0 2.0
  605   C    2.8180000000    7.7010000000    0.6400000000  2.0 2.0
  606   C    2.6080000000    7.1280000000    2.0400000000  2.0 2.0
  607   C    1.3640000000    7.5780000000    2.7700000000  2.0 2.0
  608   O    2.5300000000    5.6820000000    1.8300000000  3.0 3.0
  609   N    3.0020000000    0.2200000000   -0.1000000000  2.5 2.5
  610   O   -1.5450000000    0.7330000000    0.1300000000  3.0 3.0
  611   C   -0.4590000000    1.3120000000    0.1500000000  2.0 2.0
  612   C   -0.1880000000    2.6930000000    0.2800000000  2.0 2.0
  613   N   -1.0610000000    3.7740000000    0.4200000000  2.5 2.5
  614   C   -0.2690000000    4.8120000000    0.5000000000  2.0 2.0
  615   N    1.0730000000    4.5040000000    0.4200000000  2.5 2.5
  616   C    1.1230000000    3.1350000000    0.2800000000  2.0 2.0
  617   N    2.2560000000    2.3940000000    0.1600000000  2.5 2.5
  618   C    2.0000000000    1.0950000000    0.0300000000  2.0 2.0
  619   N    0.7260000000    0.5650000000    0.0300000000  2.5 2.5
  620   H    3.1080000000    4.8800000000    0.0520000000  0.5 0.5
  621   H    2.4200000000    6.7320000000   -1.2600000000  0.5 0.5
  622   H    0.9820000000    7.0150000000   -0.2890000000  0.5 0.5
  623   H    2.4370000000    8.7200000000    0.5710000000  0.5 0.5
  624   H    3.4700000000    7.4260000000    2.6370000000  0.5 0.5
  625   H    1.1040000000    6.8360000000    3.5250000000  0.5 0.5
  626   H    1.5610000000    8.5320000000    3.2580000000  0.5 0.5
  627   H    3.9770000000    0.5510000000   -0.1080000000  0.5 0.5
  628   H    2.7990000000   -0.7860000000   -0.1930000000  0.5 0.5
  629   H   -0.6370000000    5.8310000000    0.6190000000  0.5 0.5
  630   H    0.6360000000   -0.4570000000   -0.0650000000  0.5 0.5
  631   H   -2.6300000000   -9.1710000000   -1.4650000000  0.5 0.5
  632   H    2.7090000000   -7.6730000000    1.8860000000  0.5 0.5
  633   H    6.6920000000   -4.6240000000    5.2550000000  0.5 0.5
  634   H    9.5180000000    0.3350000000    8.6700000000  0.5 0.5
  635   H    7.5150000000    5.8590000000   12.0380000000  0.5 0.5
  636   H    2.6300000000    9.1600000000   15.4270000000  0.5 0.5
  637   H   -3.2860000000    9.0060000000   18.8440000000  0.5 0.5
  638   H   -9.9300000000    3.8570000000   22.6020000000  0.5 0.5
  639   H   -8.7760000000   -0.9110000000   26.5830000000  0.5 0.5
  640   H   -7.5080000000   -5.8600000000   28.9430000000  0.5 0.5
  641   H    2.6950000000    7.7110000000   31.9500000000  0.5 0.5
  642   H    9.5130000000   -0.3290000000   25.1390000000  0.5 0.5
  643   H    2.6290000000   -9.1450000000   18.3820000000  0.5 0.5
  644   H  -10.4530000000    3.4520000000    8.5300000000  0.5 0.5
  645   H  -10.4490000000   -3.2170000000   11.7640000000  0.5 0.5
  646   H   -6.6100000000   -8.7160000000   15.3190000000  0.5 0.5
  647   H    6.2810000000   -8.9340000000   21.8730000000  0.5 0.5
  648   H   10.4700000000    3.1710000000   28.8330000000  0.5 0.5
  649   H    0.2540000000   10.9210000000    1.8350000000  0.5 0.5
  650   H   -6.2740000000    8.9720000000    5.1490000000  0.5 0.5
Atoms.SpeciesAndCoordinates>


Atoms.UnitVectors.Unit             Ang #  Ang|AU
<Atoms.UnitVectors                     
  28.0   0.0   0.0
   0.0  28.0   0.0
   0.0   0.0  33.8
Atoms.UnitVectors>

#
# SCF or Electronic System
#

scf.XcType                 GGA-PBE     # LDA|LSDA-CA|LSDA-PW
scf.SpinPolarization       Off         # On|Off
scf.ElectronicTemperature  700.0       # default=300 (K)
scf.energycutoff           150.0       # default=150 (Ry)
scf.maxIter                100         # default=40
scf.EigenvalueSolver     krylov        # Recursion|Cluster|Band
scf.Kgrid                  1 1 1       # means 4x4x4
scf.Mixing.Type           rmm-diisk    # Simple|Rmm-Diis|Gr-Pulay
scf.Init.Mixing.Weight     0.0100      # default=0.30 
scf.Min.Mixing.Weight      0.0010      # default=0.001 
scf.Max.Mixing.Weight      0.1000      # default=0.40 
scf.Mixing.History         20          # default=5
scf.Mixing.StartPulay      12          # default=6
scf.criterion             1.0e-10      # default=1.0e-6 (Hartree) 
 
#
# SCF Order-N
#

orderN.HoppingRanges        6.8        # default=5.0 (Ang) 
orderN.NumHoppings           2         # default=2
orderN.KrylovH.order        350
#orderN.KrylovS.order       2048
orderN.Expand.Core           on
orderN.Recalc.Buffer         on
orderN.Exact.Inverse.S       on

#
# MD or Geometry Optimization
#

MD.Type                     nomd       # Nomd|Opt|DIIS|NVE|NVT_VS|NVT_NH
MD.maxIter                   1         # default=1
MD.TimeStep                1.0         # default=0.5 (fs)
MD.Opt.criterion          1.0e-14      # default=1.0e-4 (Hartree/bohr)
