#
#  BCC cell including 1000 iron atoms 
#

System.CurrrentDirectory         ./    # default=./
System.Name                      Fe1000
level.of.stdout                   1    # default=1 (1-3)
level.of.fileout                  0    # default=1 (1-3)

#
# Definition of Atomic Species
#

Species.Number       1
<Definition.of.Atomic.Species
  Fe   Fe6.0S-s2p2d1   Fe_PBE13S
Definition.of.Atomic.Species>

#
# Atoms
#

Atoms.Number        1000
Atoms.SpeciesAndCoordinates.Unit   Ang # Ang|AU
<Atoms.SpeciesAndCoordinates           # Unit=Ang.
    1  Fe   0.000000000000  0.000000000000  0.000000000000  8.0 6.0
    2  Fe   1.435000000000  1.435000000000  1.435000000000  8.0 6.0
    3  Fe   0.000000000000  0.000000000000  2.870000000000  8.0 6.0
    4  Fe   1.435000000000  1.435000000000  4.305000000000  8.0 6.0
    5  Fe   0.000000000000  0.000000000000  5.740000000000  8.0 6.0
    6  Fe   1.435000000000  1.435000000000  7.175000000000  8.0 6.0
    7  Fe   0.000000000000  0.000000000000  8.610000000000  8.0 6.0
    8  Fe   1.435000000000  1.435000000000 10.045000000000  8.0 6.0
    9  Fe   0.000000000000  0.000000000000 11.480000000000  8.0 6.0
   10  Fe   1.435000000000  1.435000000000 12.915000000000  8.0 6.0
   11  Fe   0.000000000000  0.000000000000 14.350000000000  8.0 6.0
   12  Fe   1.435000000000  1.435000000000 15.785000000000  8.0 6.0
   13  Fe   0.000000000000  0.000000000000 17.220000000000  8.0 6.0
   14  Fe   1.435000000000  1.435000000000 18.655000000000  8.0 6.0
   15  Fe   0.000000000000  0.000000000000 20.090000000000  8.0 6.0
   16  Fe   1.435000000000  1.435000000000 21.525000000000  8.0 6.0
   17  Fe   0.000000000000  0.000000000000 22.960000000000  8.0 6.0
   18  Fe   1.435000000000  1.435000000000 24.395000000000  8.0 6.0
   19  Fe   0.000000000000  0.000000000000 25.830000000000  8.0 6.0
   20  Fe   1.435000000000  1.435000000000 27.265000000000  8.0 6.0
   21  Fe   0.000000000000  2.870000000000  0.000000000000  8.0 6.0
   22  Fe   1.435000000000  4.305000000000  1.435000000000  8.0 6.0
   23  Fe   0.000000000000  2.870000000000  2.870000000000  8.0 6.0
   24  Fe   1.435000000000  4.305000000000  4.305000000000  8.0 6.0
   25  Fe   0.000000000000  2.870000000000  5.740000000000  8.0 6.0
   26  Fe   1.435000000000  4.305000000000  7.175000000000  8.0 6.0
   27  Fe   0.000000000000  2.870000000000  8.610000000000  8.0 6.0
   28  Fe   1.435000000000  4.305000000000 10.045000000000  8.0 6.0
   29  Fe   0.000000000000  2.870000000000 11.480000000000  8.0 6.0
   30  Fe   1.435000000000  4.305000000000 12.915000000000  8.0 6.0
   31  Fe   0.000000000000  2.870000000000 14.350000000000  8.0 6.0
   32  Fe   1.435000000000  4.305000000000 15.785000000000  8.0 6.0
   33  Fe   0.000000000000  2.870000000000 17.220000000000  8.0 6.0
   34  Fe   1.435000000000  4.305000000000 18.655000000000  8.0 6.0
   35  Fe   0.000000000000  2.870000000000 20.090000000000  8.0 6.0
   36  Fe   1.435000000000  4.305000000000 21.525000000000  8.0 6.0
   37  Fe   0.000000000000  2.870000000000 22.960000000000  8.0 6.0
   38  Fe   1.435000000000  4.305000000000 24.395000000000  8.0 6.0
   39  Fe   0.000000000000  2.870000000000 25.830000000000  8.0 6.0
   40  Fe   1.435000000000  4.305000000000 27.265000000000  8.0 6.0
   41  Fe   0.000000000000  5.740000000000  0.000000000000  8.0 6.0
   42  Fe   1.435000000000  7.175000000000  1.435000000000  8.0 6.0
   43  Fe   0.000000000000  5.740000000000  2.870000000000  8.0 6.0
   44  Fe   1.435000000000  7.175000000000  4.305000000000  8.0 6.0
   45  Fe   0.000000000000  5.740000000000  5.740000000000  8.0 6.0
   46  Fe   1.435000000000  7.175000000000  7.175000000000  8.0 6.0
   47  Fe   0.000000000000  5.740000000000  8.610000000000  8.0 6.0
   48  Fe   1.435000000000  7.175000000000 10.045000000000  8.0 6.0
   49  Fe   0.000000000000  5.740000000000 11.480000000000  8.0 6.0
   50  Fe   1.435000000000  7.175000000000 12.915000000000  8.0 6.0
   51  Fe   0.000000000000  5.740000000000 14.350000000000  8.0 6.0
   52  Fe   1.435000000000  7.175000000000 15.785000000000  8.0 6.0
   53  Fe   0.000000000000  5.740000000000 17.220000000000  8.0 6.0
   54  Fe   1.435000000000  7.175000000000 18.655000000000  8.0 6.0
   55  Fe   0.000000000000  5.740000000000 20.090000000000  8.0 6.0
   56  Fe   1.435000000000  7.175000000000 21.525000000000  8.0 6.0
   57  Fe   0.000000000000  5.740000000000 22.960000000000  8.0 6.0
   58  Fe   1.435000000000  7.175000000000 24.395000000000  8.0 6.0
   59  Fe   0.000000000000  5.740000000000 25.830000000000  8.0 6.0
   60  Fe   1.435000000000  7.175000000000 27.265000000000  8.0 6.0
   61  Fe   0.000000000000  8.610000000000  0.000000000000  8.0 6.0
   62  Fe   1.435000000000 10.045000000000  1.435000000000  8.0 6.0
   63  Fe   0.000000000000  8.610000000000  2.870000000000  8.0 6.0
   64  Fe   1.435000000000 10.045000000000  4.305000000000  8.0 6.0
   65  Fe   0.000000000000  8.610000000000  5.740000000000  8.0 6.0
   66  Fe   1.435000000000 10.045000000000  7.175000000000  8.0 6.0
   67  Fe   0.000000000000  8.610000000000  8.610000000000  8.0 6.0
   68  Fe   1.435000000000 10.045000000000 10.045000000000  8.0 6.0
   69  Fe   0.000000000000  8.610000000000 11.480000000000  8.0 6.0
   70  Fe   1.435000000000 10.045000000000 12.915000000000  8.0 6.0
   71  Fe   0.000000000000  8.610000000000 14.350000000000  8.0 6.0
   72  Fe   1.435000000000 10.045000000000 15.785000000000  8.0 6.0
   73  Fe   0.000000000000  8.610000000000 17.220000000000  8.0 6.0
   74  Fe   1.435000000000 10.045000000000 18.655000000000  8.0 6.0
   75  Fe   0.000000000000  8.610000000000 20.090000000000  8.0 6.0
   76  Fe   1.435000000000 10.045000000000 21.525000000000  8.0 6.0
   77  Fe   0.000000000000  8.610000000000 22.960000000000  8.0 6.0
   78  Fe   1.435000000000 10.045000000000 24.395000000000  8.0 6.0
   79  Fe   0.000000000000  8.610000000000 25.830000000000  8.0 6.0
   80  Fe   1.435000000000 10.045000000000 27.265000000000  8.0 6.0
   81  Fe   0.000000000000 11.480000000000  0.000000000000  8.0 6.0
   82  Fe   1.435000000000 12.915000000000  1.435000000000  8.0 6.0
   83  Fe   0.000000000000 11.480000000000  2.870000000000  8.0 6.0
   84  Fe   1.435000000000 12.915000000000  4.305000000000  8.0 6.0
   85  Fe   0.000000000000 11.480000000000  5.740000000000  8.0 6.0
   86  Fe   1.435000000000 12.915000000000  7.175000000000  8.0 6.0
   87  Fe   0.000000000000 11.480000000000  8.610000000000  8.0 6.0
   88  Fe   1.435000000000 12.915000000000 10.045000000000  8.0 6.0
   89  Fe   0.000000000000 11.480000000000 11.480000000000  8.0 6.0
   90  Fe   1.435000000000 12.915000000000 12.915000000000  8.0 6.0
   91  Fe   0.000000000000 11.480000000000 14.350000000000  8.0 6.0
   92  Fe   1.435000000000 12.915000000000 15.785000000000  8.0 6.0
   93  Fe   0.000000000000 11.480000000000 17.220000000000  8.0 6.0
   94  Fe   1.435000000000 12.915000000000 18.655000000000  8.0 6.0
   95  Fe   0.000000000000 11.480000000000 20.090000000000  8.0 6.0
   96  Fe   1.435000000000 12.915000000000 21.525000000000  8.0 6.0
   97  Fe   0.000000000000 11.480000000000 22.960000000000  8.0 6.0
   98  Fe   1.435000000000 12.915000000000 24.395000000000  8.0 6.0
   99  Fe   0.000000000000 11.480000000000 25.830000000000  8.0 6.0
  100  Fe   1.435000000000 12.915000000000 27.265000000000  8.0 6.0
  101  Fe   0.000000000000 14.350000000000  0.000000000000  8.0 6.0
  102  Fe   1.435000000000 15.785000000000  1.435000000000  8.0 6.0
  103  Fe   0.000000000000 14.350000000000  2.870000000000  8.0 6.0
  104  Fe   1.435000000000 15.785000000000  4.305000000000  8.0 6.0
  105  Fe   0.000000000000 14.350000000000  5.740000000000  8.0 6.0
  106  Fe   1.435000000000 15.785000000000  7.175000000000  8.0 6.0
  107  Fe   0.000000000000 14.350000000000  8.610000000000  8.0 6.0
  108  Fe   1.435000000000 15.785000000000 10.045000000000  8.0 6.0
  109  Fe   0.000000000000 14.350000000000 11.480000000000  8.0 6.0
  110  Fe   1.435000000000 15.785000000000 12.915000000000  8.0 6.0
  111  Fe   0.000000000000 14.350000000000 14.350000000000  8.0 6.0
  112  Fe   1.435000000000 15.785000000000 15.785000000000  8.0 6.0
  113  Fe   0.000000000000 14.350000000000 17.220000000000  8.0 6.0
  114  Fe   1.435000000000 15.785000000000 18.655000000000  8.0 6.0
  115  Fe   0.000000000000 14.350000000000 20.090000000000  8.0 6.0
  116  Fe   1.435000000000 15.785000000000 21.525000000000  8.0 6.0
  117  Fe   0.000000000000 14.350000000000 22.960000000000  8.0 6.0
  118  Fe   1.435000000000 15.785000000000 24.395000000000  8.0 6.0
  119  Fe   0.000000000000 14.350000000000 25.830000000000  8.0 6.0
  120  Fe   1.435000000000 15.785000000000 27.265000000000  8.0 6.0
  121  Fe   0.000000000000 17.220000000000  0.000000000000  8.0 6.0
  122  Fe   1.435000000000 18.655000000000  1.435000000000  8.0 6.0
  123  Fe   0.000000000000 17.220000000000  2.870000000000  8.0 6.0
  124  Fe   1.435000000000 18.655000000000  4.305000000000  8.0 6.0
  125  Fe   0.000000000000 17.220000000000  5.740000000000  8.0 6.0
  126  Fe   1.435000000000 18.655000000000  7.175000000000  8.0 6.0
  127  Fe   0.000000000000 17.220000000000  8.610000000000  8.0 6.0
  128  Fe   1.435000000000 18.655000000000 10.045000000000  8.0 6.0
  129  Fe   0.000000000000 17.220000000000 11.480000000000  8.0 6.0
  130  Fe   1.435000000000 18.655000000000 12.915000000000  8.0 6.0
  131  Fe   0.000000000000 17.220000000000 14.350000000000  8.0 6.0
  132  Fe   1.435000000000 18.655000000000 15.785000000000  8.0 6.0
  133  Fe   0.000000000000 17.220000000000 17.220000000000  8.0 6.0
  134  Fe   1.435000000000 18.655000000000 18.655000000000  8.0 6.0
  135  Fe   0.000000000000 17.220000000000 20.090000000000  8.0 6.0
  136  Fe   1.435000000000 18.655000000000 21.525000000000  8.0 6.0
  137  Fe   0.000000000000 17.220000000000 22.960000000000  8.0 6.0
  138  Fe   1.435000000000 18.655000000000 24.395000000000  8.0 6.0
  139  Fe   0.000000000000 17.220000000000 25.830000000000  8.0 6.0
  140  Fe   1.435000000000 18.655000000000 27.265000000000  8.0 6.0
  141  Fe   0.000000000000 20.090000000000  0.000000000000  8.0 6.0
  142  Fe   1.435000000000 21.525000000000  1.435000000000  8.0 6.0
  143  Fe   0.000000000000 20.090000000000  2.870000000000  8.0 6.0
  144  Fe   1.435000000000 21.525000000000  4.305000000000  8.0 6.0
  145  Fe   0.000000000000 20.090000000000  5.740000000000  8.0 6.0
  146  Fe   1.435000000000 21.525000000000  7.175000000000  8.0 6.0
  147  Fe   0.000000000000 20.090000000000  8.610000000000  8.0 6.0
  148  Fe   1.435000000000 21.525000000000 10.045000000000  8.0 6.0
  149  Fe   0.000000000000 20.090000000000 11.480000000000  8.0 6.0
  150  Fe   1.435000000000 21.525000000000 12.915000000000  8.0 6.0
  151  Fe   0.000000000000 20.090000000000 14.350000000000  8.0 6.0
  152  Fe   1.435000000000 21.525000000000 15.785000000000  8.0 6.0
  153  Fe   0.000000000000 20.090000000000 17.220000000000  8.0 6.0
  154  Fe   1.435000000000 21.525000000000 18.655000000000  8.0 6.0
  155  Fe   0.000000000000 20.090000000000 20.090000000000  8.0 6.0
  156  Fe   1.435000000000 21.525000000000 21.525000000000  8.0 6.0
  157  Fe   0.000000000000 20.090000000000 22.960000000000  8.0 6.0
  158  Fe   1.435000000000 21.525000000000 24.395000000000  8.0 6.0
  159  Fe   0.000000000000 20.090000000000 25.830000000000  8.0 6.0
  160  Fe   1.435000000000 21.525000000000 27.265000000000  8.0 6.0
  161  Fe   0.000000000000 22.960000000000  0.000000000000  8.0 6.0
  162  Fe   1.435000000000 24.395000000000  1.435000000000  8.0 6.0
  163  Fe   0.000000000000 22.960000000000  2.870000000000  8.0 6.0
  164  Fe   1.435000000000 24.395000000000  4.305000000000  8.0 6.0
  165  Fe   0.000000000000 22.960000000000  5.740000000000  8.0 6.0
  166  Fe   1.435000000000 24.395000000000  7.175000000000  8.0 6.0
  167  Fe   0.000000000000 22.960000000000  8.610000000000  8.0 6.0
  168  Fe   1.435000000000 24.395000000000 10.045000000000  8.0 6.0
  169  Fe   0.000000000000 22.960000000000 11.480000000000  8.0 6.0
  170  Fe   1.435000000000 24.395000000000 12.915000000000  8.0 6.0
  171  Fe   0.000000000000 22.960000000000 14.350000000000  8.0 6.0
  172  Fe   1.435000000000 24.395000000000 15.785000000000  8.0 6.0
  173  Fe   0.000000000000 22.960000000000 17.220000000000  8.0 6.0
  174  Fe   1.435000000000 24.395000000000 18.655000000000  8.0 6.0
  175  Fe   0.000000000000 22.960000000000 20.090000000000  8.0 6.0
  176  Fe   1.435000000000 24.395000000000 21.525000000000  8.0 6.0
  177  Fe   0.000000000000 22.960000000000 22.960000000000  8.0 6.0
  178  Fe   1.435000000000 24.395000000000 24.395000000000  8.0 6.0
  179  Fe   0.000000000000 22.960000000000 25.830000000000  8.0 6.0
  180  Fe   1.435000000000 24.395000000000 27.265000000000  8.0 6.0
  181  Fe   0.000000000000 25.830000000000  0.000000000000  8.0 6.0
  182  Fe   1.435000000000 27.265000000000  1.435000000000  8.0 6.0
  183  Fe   0.000000000000 25.830000000000  2.870000000000  8.0 6.0
  184  Fe   1.435000000000 27.265000000000  4.305000000000  8.0 6.0
  185  Fe   0.000000000000 25.830000000000  5.740000000000  8.0 6.0
  186  Fe   1.435000000000 27.265000000000  7.175000000000  8.0 6.0
  187  Fe   0.000000000000 25.830000000000  8.610000000000  8.0 6.0
  188  Fe   1.435000000000 27.265000000000 10.045000000000  8.0 6.0
  189  Fe   0.000000000000 25.830000000000 11.480000000000  8.0 6.0
  190  Fe   1.435000000000 27.265000000000 12.915000000000  8.0 6.0
  191  Fe   0.000000000000 25.830000000000 14.350000000000  8.0 6.0
  192  Fe   1.435000000000 27.265000000000 15.785000000000  8.0 6.0
  193  Fe   0.000000000000 25.830000000000 17.220000000000  8.0 6.0
  194  Fe   1.435000000000 27.265000000000 18.655000000000  8.0 6.0
  195  Fe   0.000000000000 25.830000000000 20.090000000000  8.0 6.0
  196  Fe   1.435000000000 27.265000000000 21.525000000000  8.0 6.0
  197  Fe   0.000000000000 25.830000000000 22.960000000000  8.0 6.0
  198  Fe   1.435000000000 27.265000000000 24.395000000000  8.0 6.0
  199  Fe   0.000000000000 25.830000000000 25.830000000000  8.0 6.0
  200  Fe   1.435000000000 27.265000000000 27.265000000000  8.0 6.0
  201  Fe   2.870000000000  0.000000000000  0.000000000000  8.0 6.0
  202  Fe   4.305000000000  1.435000000000  1.435000000000  8.0 6.0
  203  Fe   2.870000000000  0.000000000000  2.870000000000  8.0 6.0
  204  Fe   4.305000000000  1.435000000000  4.305000000000  8.0 6.0
  205  Fe   2.870000000000  0.000000000000  5.740000000000  8.0 6.0
  206  Fe   4.305000000000  1.435000000000  7.175000000000  8.0 6.0
  207  Fe   2.870000000000  0.000000000000  8.610000000000  8.0 6.0
  208  Fe   4.305000000000  1.435000000000 10.045000000000  8.0 6.0
  209  Fe   2.870000000000  0.000000000000 11.480000000000  8.0 6.0
  210  Fe   4.305000000000  1.435000000000 12.915000000000  8.0 6.0
  211  Fe   2.870000000000  0.000000000000 14.350000000000  8.0 6.0
  212  Fe   4.305000000000  1.435000000000 15.785000000000  8.0 6.0
  213  Fe   2.870000000000  0.000000000000 17.220000000000  8.0 6.0
  214  Fe   4.305000000000  1.435000000000 18.655000000000  8.0 6.0
  215  Fe   2.870000000000  0.000000000000 20.090000000000  8.0 6.0
  216  Fe   4.305000000000  1.435000000000 21.525000000000  8.0 6.0
  217  Fe   2.870000000000  0.000000000000 22.960000000000  8.0 6.0
  218  Fe   4.305000000000  1.435000000000 24.395000000000  8.0 6.0
  219  Fe   2.870000000000  0.000000000000 25.830000000000  8.0 6.0
  220  Fe   4.305000000000  1.435000000000 27.265000000000  8.0 6.0
  221  Fe   2.870000000000  2.870000000000  0.000000000000  8.0 6.0
  222  Fe   4.305000000000  4.305000000000  1.435000000000  8.0 6.0
  223  Fe   2.870000000000  2.870000000000  2.870000000000  8.0 6.0
  224  Fe   4.305000000000  4.305000000000  4.305000000000  8.0 6.0
  225  Fe   2.870000000000  2.870000000000  5.740000000000  8.0 6.0
  226  Fe   4.305000000000  4.305000000000  7.175000000000  8.0 6.0
  227  Fe   2.870000000000  2.870000000000  8.610000000000  8.0 6.0
  228  Fe   4.305000000000  4.305000000000 10.045000000000  8.0 6.0
  229  Fe   2.870000000000  2.870000000000 11.480000000000  8.0 6.0
  230  Fe   4.305000000000  4.305000000000 12.915000000000  8.0 6.0
  231  Fe   2.870000000000  2.870000000000 14.350000000000  8.0 6.0
  232  Fe   4.305000000000  4.305000000000 15.785000000000  8.0 6.0
  233  Fe   2.870000000000  2.870000000000 17.220000000000  8.0 6.0
  234  Fe   4.305000000000  4.305000000000 18.655000000000  8.0 6.0
  235  Fe   2.870000000000  2.870000000000 20.090000000000  8.0 6.0
  236  Fe   4.305000000000  4.305000000000 21.525000000000  8.0 6.0
  237  Fe   2.870000000000  2.870000000000 22.960000000000  8.0 6.0
  238  Fe   4.305000000000  4.305000000000 24.395000000000  8.0 6.0
  239  Fe   2.870000000000  2.870000000000 25.830000000000  8.0 6.0
  240  Fe   4.305000000000  4.305000000000 27.265000000000  8.0 6.0
  241  Fe   2.870000000000  5.740000000000  0.000000000000  8.0 6.0
  242  Fe   4.305000000000  7.175000000000  1.435000000000  8.0 6.0
  243  Fe   2.870000000000  5.740000000000  2.870000000000  8.0 6.0
  244  Fe   4.305000000000  7.175000000000  4.305000000000  8.0 6.0
  245  Fe   2.870000000000  5.740000000000  5.740000000000  8.0 6.0
  246  Fe   4.305000000000  7.175000000000  7.175000000000  8.0 6.0
  247  Fe   2.870000000000  5.740000000000  8.610000000000  8.0 6.0
  248  Fe   4.305000000000  7.175000000000 10.045000000000  8.0 6.0
  249  Fe   2.870000000000  5.740000000000 11.480000000000  8.0 6.0
  250  Fe   4.305000000000  7.175000000000 12.915000000000  8.0 6.0
  251  Fe   2.870000000000  5.740000000000 14.350000000000  8.0 6.0
  252  Fe   4.305000000000  7.175000000000 15.785000000000  8.0 6.0
  253  Fe   2.870000000000  5.740000000000 17.220000000000  8.0 6.0
  254  Fe   4.305000000000  7.175000000000 18.655000000000  8.0 6.0
  255  Fe   2.870000000000  5.740000000000 20.090000000000  8.0 6.0
  256  Fe   4.305000000000  7.175000000000 21.525000000000  8.0 6.0
  257  Fe   2.870000000000  5.740000000000 22.960000000000  8.0 6.0
  258  Fe   4.305000000000  7.175000000000 24.395000000000  8.0 6.0
  259  Fe   2.870000000000  5.740000000000 25.830000000000  8.0 6.0
  260  Fe   4.305000000000  7.175000000000 27.265000000000  8.0 6.0
  261  Fe   2.870000000000  8.610000000000  0.000000000000  8.0 6.0
  262  Fe   4.305000000000 10.045000000000  1.435000000000  8.0 6.0
  263  Fe   2.870000000000  8.610000000000  2.870000000000  8.0 6.0
  264  Fe   4.305000000000 10.045000000000  4.305000000000  8.0 6.0
  265  Fe   2.870000000000  8.610000000000  5.740000000000  8.0 6.0
  266  Fe   4.305000000000 10.045000000000  7.175000000000  8.0 6.0
  267  Fe   2.870000000000  8.610000000000  8.610000000000  8.0 6.0
  268  Fe   4.305000000000 10.045000000000 10.045000000000  8.0 6.0
  269  Fe   2.870000000000  8.610000000000 11.480000000000  8.0 6.0
  270  Fe   4.305000000000 10.045000000000 12.915000000000  8.0 6.0
  271  Fe   2.870000000000  8.610000000000 14.350000000000  8.0 6.0
  272  Fe   4.305000000000 10.045000000000 15.785000000000  8.0 6.0
  273  Fe   2.870000000000  8.610000000000 17.220000000000  8.0 6.0
  274  Fe   4.305000000000 10.045000000000 18.655000000000  8.0 6.0
  275  Fe   2.870000000000  8.610000000000 20.090000000000  8.0 6.0
  276  Fe   4.305000000000 10.045000000000 21.525000000000  8.0 6.0
  277  Fe   2.870000000000  8.610000000000 22.960000000000  8.0 6.0
  278  Fe   4.305000000000 10.045000000000 24.395000000000  8.0 6.0
  279  Fe   2.870000000000  8.610000000000 25.830000000000  8.0 6.0
  280  Fe   4.305000000000 10.045000000000 27.265000000000  8.0 6.0
  281  Fe   2.870000000000 11.480000000000  0.000000000000  8.0 6.0
  282  Fe   4.305000000000 12.915000000000  1.435000000000  8.0 6.0
  283  Fe   2.870000000000 11.480000000000  2.870000000000  8.0 6.0
  284  Fe   4.305000000000 12.915000000000  4.305000000000  8.0 6.0
  285  Fe   2.870000000000 11.480000000000  5.740000000000  8.0 6.0
  286  Fe   4.305000000000 12.915000000000  7.175000000000  8.0 6.0
  287  Fe   2.870000000000 11.480000000000  8.610000000000  8.0 6.0
  288  Fe   4.305000000000 12.915000000000 10.045000000000  8.0 6.0
  289  Fe   2.870000000000 11.480000000000 11.480000000000  8.0 6.0
  290  Fe   4.305000000000 12.915000000000 12.915000000000  8.0 6.0
  291  Fe   2.870000000000 11.480000000000 14.350000000000  8.0 6.0
  292  Fe   4.305000000000 12.915000000000 15.785000000000  8.0 6.0
  293  Fe   2.870000000000 11.480000000000 17.220000000000  8.0 6.0
  294  Fe   4.305000000000 12.915000000000 18.655000000000  8.0 6.0
  295  Fe   2.870000000000 11.480000000000 20.090000000000  8.0 6.0
  296  Fe   4.305000000000 12.915000000000 21.525000000000  8.0 6.0
  297  Fe   2.870000000000 11.480000000000 22.960000000000  8.0 6.0
  298  Fe   4.305000000000 12.915000000000 24.395000000000  8.0 6.0
  299  Fe   2.870000000000 11.480000000000 25.830000000000  8.0 6.0
  300  Fe   4.305000000000 12.915000000000 27.265000000000  8.0 6.0
  301  Fe   2.870000000000 14.350000000000  0.000000000000  8.0 6.0
  302  Fe   4.305000000000 15.785000000000  1.435000000000  8.0 6.0
  303  Fe   2.870000000000 14.350000000000  2.870000000000  8.0 6.0
  304  Fe   4.305000000000 15.785000000000  4.305000000000  8.0 6.0
  305  Fe   2.870000000000 14.350000000000  5.740000000000  8.0 6.0
  306  Fe   4.305000000000 15.785000000000  7.175000000000  8.0 6.0
  307  Fe   2.870000000000 14.350000000000  8.610000000000  8.0 6.0
  308  Fe   4.305000000000 15.785000000000 10.045000000000  8.0 6.0
  309  Fe   2.870000000000 14.350000000000 11.480000000000  8.0 6.0
  310  Fe   4.305000000000 15.785000000000 12.915000000000  8.0 6.0
  311  Fe   2.870000000000 14.350000000000 14.350000000000  8.0 6.0
  312  Fe   4.305000000000 15.785000000000 15.785000000000  8.0 6.0
  313  Fe   2.870000000000 14.350000000000 17.220000000000  8.0 6.0
  314  Fe   4.305000000000 15.785000000000 18.655000000000  8.0 6.0
  315  Fe   2.870000000000 14.350000000000 20.090000000000  8.0 6.0
  316  Fe   4.305000000000 15.785000000000 21.525000000000  8.0 6.0
  317  Fe   2.870000000000 14.350000000000 22.960000000000  8.0 6.0
  318  Fe   4.305000000000 15.785000000000 24.395000000000  8.0 6.0
  319  Fe   2.870000000000 14.350000000000 25.830000000000  8.0 6.0
  320  Fe   4.305000000000 15.785000000000 27.265000000000  8.0 6.0
  321  Fe   2.870000000000 17.220000000000  0.000000000000  8.0 6.0
  322  Fe   4.305000000000 18.655000000000  1.435000000000  8.0 6.0
  323  Fe   2.870000000000 17.220000000000  2.870000000000  8.0 6.0
  324  Fe   4.305000000000 18.655000000000  4.305000000000  8.0 6.0
  325  Fe   2.870000000000 17.220000000000  5.740000000000  8.0 6.0
  326  Fe   4.305000000000 18.655000000000  7.175000000000  8.0 6.0
  327  Fe   2.870000000000 17.220000000000  8.610000000000  8.0 6.0
  328  Fe   4.305000000000 18.655000000000 10.045000000000  8.0 6.0
  329  Fe   2.870000000000 17.220000000000 11.480000000000  8.0 6.0
  330  Fe   4.305000000000 18.655000000000 12.915000000000  8.0 6.0
  331  Fe   2.870000000000 17.220000000000 14.350000000000  8.0 6.0
  332  Fe   4.305000000000 18.655000000000 15.785000000000  8.0 6.0
  333  Fe   2.870000000000 17.220000000000 17.220000000000  8.0 6.0
  334  Fe   4.305000000000 18.655000000000 18.655000000000  8.0 6.0
  335  Fe   2.870000000000 17.220000000000 20.090000000000  8.0 6.0
  336  Fe   4.305000000000 18.655000000000 21.525000000000  8.0 6.0
  337  Fe   2.870000000000 17.220000000000 22.960000000000  8.0 6.0
  338  Fe   4.305000000000 18.655000000000 24.395000000000  8.0 6.0
  339  Fe   2.870000000000 17.220000000000 25.830000000000  8.0 6.0
  340  Fe   4.305000000000 18.655000000000 27.265000000000  8.0 6.0
  341  Fe   2.870000000000 20.090000000000  0.000000000000  8.0 6.0
  342  Fe   4.305000000000 21.525000000000  1.435000000000  8.0 6.0
  343  Fe   2.870000000000 20.090000000000  2.870000000000  8.0 6.0
  344  Fe   4.305000000000 21.525000000000  4.305000000000  8.0 6.0
  345  Fe   2.870000000000 20.090000000000  5.740000000000  8.0 6.0
  346  Fe   4.305000000000 21.525000000000  7.175000000000  8.0 6.0
  347  Fe   2.870000000000 20.090000000000  8.610000000000  8.0 6.0
  348  Fe   4.305000000000 21.525000000000 10.045000000000  8.0 6.0
  349  Fe   2.870000000000 20.090000000000 11.480000000000  8.0 6.0
  350  Fe   4.305000000000 21.525000000000 12.915000000000  8.0 6.0
  351  Fe   2.870000000000 20.090000000000 14.350000000000  8.0 6.0
  352  Fe   4.305000000000 21.525000000000 15.785000000000  8.0 6.0
  353  Fe   2.870000000000 20.090000000000 17.220000000000  8.0 6.0
  354  Fe   4.305000000000 21.525000000000 18.655000000000  8.0 6.0
  355  Fe   2.870000000000 20.090000000000 20.090000000000  8.0 6.0
  356  Fe   4.305000000000 21.525000000000 21.525000000000  8.0 6.0
  357  Fe   2.870000000000 20.090000000000 22.960000000000  8.0 6.0
  358  Fe   4.305000000000 21.525000000000 24.395000000000  8.0 6.0
  359  Fe   2.870000000000 20.090000000000 25.830000000000  8.0 6.0
  360  Fe   4.305000000000 21.525000000000 27.265000000000  8.0 6.0
  361  Fe   2.870000000000 22.960000000000  0.000000000000  8.0 6.0
  362  Fe   4.305000000000 24.395000000000  1.435000000000  8.0 6.0
  363  Fe   2.870000000000 22.960000000000  2.870000000000  8.0 6.0
  364  Fe   4.305000000000 24.395000000000  4.305000000000  8.0 6.0
  365  Fe   2.870000000000 22.960000000000  5.740000000000  8.0 6.0
  366  Fe   4.305000000000 24.395000000000  7.175000000000  8.0 6.0
  367  Fe   2.870000000000 22.960000000000  8.610000000000  8.0 6.0
  368  Fe   4.305000000000 24.395000000000 10.045000000000  8.0 6.0
  369  Fe   2.870000000000 22.960000000000 11.480000000000  8.0 6.0
  370  Fe   4.305000000000 24.395000000000 12.915000000000  8.0 6.0
  371  Fe   2.870000000000 22.960000000000 14.350000000000  8.0 6.0
  372  Fe   4.305000000000 24.395000000000 15.785000000000  8.0 6.0
  373  Fe   2.870000000000 22.960000000000 17.220000000000  8.0 6.0
  374  Fe   4.305000000000 24.395000000000 18.655000000000  8.0 6.0
  375  Fe   2.870000000000 22.960000000000 20.090000000000  8.0 6.0
  376  Fe   4.305000000000 24.395000000000 21.525000000000  8.0 6.0
  377  Fe   2.870000000000 22.960000000000 22.960000000000  8.0 6.0
  378  Fe   4.305000000000 24.395000000000 24.395000000000  8.0 6.0
  379  Fe   2.870000000000 22.960000000000 25.830000000000  8.0 6.0
  380  Fe   4.305000000000 24.395000000000 27.265000000000  8.0 6.0
  381  Fe   2.870000000000 25.830000000000  0.000000000000  8.0 6.0
  382  Fe   4.305000000000 27.265000000000  1.435000000000  8.0 6.0
  383  Fe   2.870000000000 25.830000000000  2.870000000000  8.0 6.0
  384  Fe   4.305000000000 27.265000000000  4.305000000000  8.0 6.0
  385  Fe   2.870000000000 25.830000000000  5.740000000000  8.0 6.0
  386  Fe   4.305000000000 27.265000000000  7.175000000000  8.0 6.0
  387  Fe   2.870000000000 25.830000000000  8.610000000000  8.0 6.0
  388  Fe   4.305000000000 27.265000000000 10.045000000000  8.0 6.0
  389  Fe   2.870000000000 25.830000000000 11.480000000000  8.0 6.0
  390  Fe   4.305000000000 27.265000000000 12.915000000000  8.0 6.0
  391  Fe   2.870000000000 25.830000000000 14.350000000000  8.0 6.0
  392  Fe   4.305000000000 27.265000000000 15.785000000000  8.0 6.0
  393  Fe   2.870000000000 25.830000000000 17.220000000000  8.0 6.0
  394  Fe   4.305000000000 27.265000000000 18.655000000000  8.0 6.0
  395  Fe   2.870000000000 25.830000000000 20.090000000000  8.0 6.0
  396  Fe   4.305000000000 27.265000000000 21.525000000000  8.0 6.0
  397  Fe   2.870000000000 25.830000000000 22.960000000000  8.0 6.0
  398  Fe   4.305000000000 27.265000000000 24.395000000000  8.0 6.0
  399  Fe   2.870000000000 25.830000000000 25.830000000000  8.0 6.0
  400  Fe   4.305000000000 27.265000000000 27.265000000000  8.0 6.0
  401  Fe   5.740000000000  0.000000000000  0.000000000000  8.0 6.0
  402  Fe   7.175000000000  1.435000000000  1.435000000000  8.0 6.0
  403  Fe   5.740000000000  0.000000000000  2.870000000000  8.0 6.0
  404  Fe   7.175000000000  1.435000000000  4.305000000000  8.0 6.0
  405  Fe   5.740000000000  0.000000000000  5.740000000000  8.0 6.0
  406  Fe   7.175000000000  1.435000000000  7.175000000000  8.0 6.0
  407  Fe   5.740000000000  0.000000000000  8.610000000000  8.0 6.0
  408  Fe   7.175000000000  1.435000000000 10.045000000000  8.0 6.0
  409  Fe   5.740000000000  0.000000000000 11.480000000000  8.0 6.0
  410  Fe   7.175000000000  1.435000000000 12.915000000000  8.0 6.0
  411  Fe   5.740000000000  0.000000000000 14.350000000000  8.0 6.0
  412  Fe   7.175000000000  1.435000000000 15.785000000000  8.0 6.0
  413  Fe   5.740000000000  0.000000000000 17.220000000000  8.0 6.0
  414  Fe   7.175000000000  1.435000000000 18.655000000000  8.0 6.0
  415  Fe   5.740000000000  0.000000000000 20.090000000000  8.0 6.0
  416  Fe   7.175000000000  1.435000000000 21.525000000000  8.0 6.0
  417  Fe   5.740000000000  0.000000000000 22.960000000000  8.0 6.0
  418  Fe   7.175000000000  1.435000000000 24.395000000000  8.0 6.0
  419  Fe   5.740000000000  0.000000000000 25.830000000000  8.0 6.0
  420  Fe   7.175000000000  1.435000000000 27.265000000000  8.0 6.0
  421  Fe   5.740000000000  2.870000000000  0.000000000000  8.0 6.0
  422  Fe   7.175000000000  4.305000000000  1.435000000000  8.0 6.0
  423  Fe   5.740000000000  2.870000000000  2.870000000000  8.0 6.0
  424  Fe   7.175000000000  4.305000000000  4.305000000000  8.0 6.0
  425  Fe   5.740000000000  2.870000000000  5.740000000000  8.0 6.0
  426  Fe   7.175000000000  4.305000000000  7.175000000000  8.0 6.0
  427  Fe   5.740000000000  2.870000000000  8.610000000000  8.0 6.0
  428  Fe   7.175000000000  4.305000000000 10.045000000000  8.0 6.0
  429  Fe   5.740000000000  2.870000000000 11.480000000000  8.0 6.0
  430  Fe   7.175000000000  4.305000000000 12.915000000000  8.0 6.0
  431  Fe   5.740000000000  2.870000000000 14.350000000000  8.0 6.0
  432  Fe   7.175000000000  4.305000000000 15.785000000000  8.0 6.0
  433  Fe   5.740000000000  2.870000000000 17.220000000000  8.0 6.0
  434  Fe   7.175000000000  4.305000000000 18.655000000000  8.0 6.0
  435  Fe   5.740000000000  2.870000000000 20.090000000000  8.0 6.0
  436  Fe   7.175000000000  4.305000000000 21.525000000000  8.0 6.0
  437  Fe   5.740000000000  2.870000000000 22.960000000000  8.0 6.0
  438  Fe   7.175000000000  4.305000000000 24.395000000000  8.0 6.0
  439  Fe   5.740000000000  2.870000000000 25.830000000000  8.0 6.0
  440  Fe   7.175000000000  4.305000000000 27.265000000000  8.0 6.0
  441  Fe   5.740000000000  5.740000000000  0.000000000000  8.0 6.0
  442  Fe   7.175000000000  7.175000000000  1.435000000000  8.0 6.0
  443  Fe   5.740000000000  5.740000000000  2.870000000000  8.0 6.0
  444  Fe   7.175000000000  7.175000000000  4.305000000000  8.0 6.0
  445  Fe   5.740000000000  5.740000000000  5.740000000000  8.0 6.0
  446  Fe   7.175000000000  7.175000000000  7.175000000000  8.0 6.0
  447  Fe   5.740000000000  5.740000000000  8.610000000000  8.0 6.0
  448  Fe   7.175000000000  7.175000000000 10.045000000000  8.0 6.0
  449  Fe   5.740000000000  5.740000000000 11.480000000000  8.0 6.0
  450  Fe   7.175000000000  7.175000000000 12.915000000000  8.0 6.0
  451  Fe   5.740000000000  5.740000000000 14.350000000000  8.0 6.0
  452  Fe   7.175000000000  7.175000000000 15.785000000000  8.0 6.0
  453  Fe   5.740000000000  5.740000000000 17.220000000000  8.0 6.0
  454  Fe   7.175000000000  7.175000000000 18.655000000000  8.0 6.0
  455  Fe   5.740000000000  5.740000000000 20.090000000000  8.0 6.0
  456  Fe   7.175000000000  7.175000000000 21.525000000000  8.0 6.0
  457  Fe   5.740000000000  5.740000000000 22.960000000000  8.0 6.0
  458  Fe   7.175000000000  7.175000000000 24.395000000000  8.0 6.0
  459  Fe   5.740000000000  5.740000000000 25.830000000000  8.0 6.0
  460  Fe   7.175000000000  7.175000000000 27.265000000000  8.0 6.0
  461  Fe   5.740000000000  8.610000000000  0.000000000000  8.0 6.0
  462  Fe   7.175000000000 10.045000000000  1.435000000000  8.0 6.0
  463  Fe   5.740000000000  8.610000000000  2.870000000000  8.0 6.0
  464  Fe   7.175000000000 10.045000000000  4.305000000000  8.0 6.0
  465  Fe   5.740000000000  8.610000000000  5.740000000000  8.0 6.0
  466  Fe   7.175000000000 10.045000000000  7.175000000000  8.0 6.0
  467  Fe   5.740000000000  8.610000000000  8.610000000000  8.0 6.0
  468  Fe   7.175000000000 10.045000000000 10.045000000000  8.0 6.0
  469  Fe   5.740000000000  8.610000000000 11.480000000000  8.0 6.0
  470  Fe   7.175000000000 10.045000000000 12.915000000000  8.0 6.0
  471  Fe   5.740000000000  8.610000000000 14.350000000000  8.0 6.0
  472  Fe   7.175000000000 10.045000000000 15.785000000000  8.0 6.0
  473  Fe   5.740000000000  8.610000000000 17.220000000000  8.0 6.0
  474  Fe   7.175000000000 10.045000000000 18.655000000000  8.0 6.0
  475  Fe   5.740000000000  8.610000000000 20.090000000000  8.0 6.0
  476  Fe   7.175000000000 10.045000000000 21.525000000000  8.0 6.0
  477  Fe   5.740000000000  8.610000000000 22.960000000000  8.0 6.0
  478  Fe   7.175000000000 10.045000000000 24.395000000000  8.0 6.0
  479  Fe   5.740000000000  8.610000000000 25.830000000000  8.0 6.0
  480  Fe   7.175000000000 10.045000000000 27.265000000000  8.0 6.0
  481  Fe   5.740000000000 11.480000000000  0.000000000000  8.0 6.0
  482  Fe   7.175000000000 12.915000000000  1.435000000000  8.0 6.0
  483  Fe   5.740000000000 11.480000000000  2.870000000000  8.0 6.0
  484  Fe   7.175000000000 12.915000000000  4.305000000000  8.0 6.0
  485  Fe   5.740000000000 11.480000000000  5.740000000000  8.0 6.0
  486  Fe   7.175000000000 12.915000000000  7.175000000000  8.0 6.0
  487  Fe   5.740000000000 11.480000000000  8.610000000000  8.0 6.0
  488  Fe   7.175000000000 12.915000000000 10.045000000000  8.0 6.0
  489  Fe   5.740000000000 11.480000000000 11.480000000000  8.0 6.0
  490  Fe   7.175000000000 12.915000000000 12.915000000000  8.0 6.0
  491  Fe   5.740000000000 11.480000000000 14.350000000000  8.0 6.0
  492  Fe   7.175000000000 12.915000000000 15.785000000000  8.0 6.0
  493  Fe   5.740000000000 11.480000000000 17.220000000000  8.0 6.0
  494  Fe   7.175000000000 12.915000000000 18.655000000000  8.0 6.0
  495  Fe   5.740000000000 11.480000000000 20.090000000000  8.0 6.0
  496  Fe   7.175000000000 12.915000000000 21.525000000000  8.0 6.0
  497  Fe   5.740000000000 11.480000000000 22.960000000000  8.0 6.0
  498  Fe   7.175000000000 12.915000000000 24.395000000000  8.0 6.0
  499  Fe   5.740000000000 11.480000000000 25.830000000000  8.0 6.0
  500  Fe   7.175000000000 12.915000000000 27.265000000000  8.0 6.0
  501  Fe   5.740000000000 14.350000000000  0.000000000000  8.0 6.0
  502  Fe   7.175000000000 15.785000000000  1.435000000000  8.0 6.0
  503  Fe   5.740000000000 14.350000000000  2.870000000000  8.0 6.0
  504  Fe   7.175000000000 15.785000000000  4.305000000000  8.0 6.0
  505  Fe   5.740000000000 14.350000000000  5.740000000000  8.0 6.0
  506  Fe   7.175000000000 15.785000000000  7.175000000000  8.0 6.0
  507  Fe   5.740000000000 14.350000000000  8.610000000000  8.0 6.0
  508  Fe   7.175000000000 15.785000000000 10.045000000000  8.0 6.0
  509  Fe   5.740000000000 14.350000000000 11.480000000000  8.0 6.0
  510  Fe   7.175000000000 15.785000000000 12.915000000000  8.0 6.0
  511  Fe   5.740000000000 14.350000000000 14.350000000000  8.0 6.0
  512  Fe   7.175000000000 15.785000000000 15.785000000000  8.0 6.0
  513  Fe   5.740000000000 14.350000000000 17.220000000000  8.0 6.0
  514  Fe   7.175000000000 15.785000000000 18.655000000000  8.0 6.0
  515  Fe   5.740000000000 14.350000000000 20.090000000000  8.0 6.0
  516  Fe   7.175000000000 15.785000000000 21.525000000000  8.0 6.0
  517  Fe   5.740000000000 14.350000000000 22.960000000000  8.0 6.0
  518  Fe   7.175000000000 15.785000000000 24.395000000000  8.0 6.0
  519  Fe   5.740000000000 14.350000000000 25.830000000000  8.0 6.0
  520  Fe   7.175000000000 15.785000000000 27.265000000000  8.0 6.0
  521  Fe   5.740000000000 17.220000000000  0.000000000000  8.0 6.0
  522  Fe   7.175000000000 18.655000000000  1.435000000000  8.0 6.0
  523  Fe   5.740000000000 17.220000000000  2.870000000000  8.0 6.0
  524  Fe   7.175000000000 18.655000000000  4.305000000000  8.0 6.0
  525  Fe   5.740000000000 17.220000000000  5.740000000000  8.0 6.0
  526  Fe   7.175000000000 18.655000000000  7.175000000000  8.0 6.0
  527  Fe   5.740000000000 17.220000000000  8.610000000000  8.0 6.0
  528  Fe   7.175000000000 18.655000000000 10.045000000000  8.0 6.0
  529  Fe   5.740000000000 17.220000000000 11.480000000000  8.0 6.0
  530  Fe   7.175000000000 18.655000000000 12.915000000000  8.0 6.0
  531  Fe   5.740000000000 17.220000000000 14.350000000000  8.0 6.0
  532  Fe   7.175000000000 18.655000000000 15.785000000000  8.0 6.0
  533  Fe   5.740000000000 17.220000000000 17.220000000000  8.0 6.0
  534  Fe   7.175000000000 18.655000000000 18.655000000000  8.0 6.0
  535  Fe   5.740000000000 17.220000000000 20.090000000000  8.0 6.0
  536  Fe   7.175000000000 18.655000000000 21.525000000000  8.0 6.0
  537  Fe   5.740000000000 17.220000000000 22.960000000000  8.0 6.0
  538  Fe   7.175000000000 18.655000000000 24.395000000000  8.0 6.0
  539  Fe   5.740000000000 17.220000000000 25.830000000000  8.0 6.0
  540  Fe   7.175000000000 18.655000000000 27.265000000000  8.0 6.0
  541  Fe   5.740000000000 20.090000000000  0.000000000000  8.0 6.0
  542  Fe   7.175000000000 21.525000000000  1.435000000000  8.0 6.0
  543  Fe   5.740000000000 20.090000000000  2.870000000000  8.0 6.0
  544  Fe   7.175000000000 21.525000000000  4.305000000000  8.0 6.0
  545  Fe   5.740000000000 20.090000000000  5.740000000000  8.0 6.0
  546  Fe   7.175000000000 21.525000000000  7.175000000000  8.0 6.0
  547  Fe   5.740000000000 20.090000000000  8.610000000000  8.0 6.0
  548  Fe   7.175000000000 21.525000000000 10.045000000000  8.0 6.0
  549  Fe   5.740000000000 20.090000000000 11.480000000000  8.0 6.0
  550  Fe   7.175000000000 21.525000000000 12.915000000000  8.0 6.0
  551  Fe   5.740000000000 20.090000000000 14.350000000000  8.0 6.0
  552  Fe   7.175000000000 21.525000000000 15.785000000000  8.0 6.0
  553  Fe   5.740000000000 20.090000000000 17.220000000000  8.0 6.0
  554  Fe   7.175000000000 21.525000000000 18.655000000000  8.0 6.0
  555  Fe   5.740000000000 20.090000000000 20.090000000000  8.0 6.0
  556  Fe   7.175000000000 21.525000000000 21.525000000000  8.0 6.0
  557  Fe   5.740000000000 20.090000000000 22.960000000000  8.0 6.0
  558  Fe   7.175000000000 21.525000000000 24.395000000000  8.0 6.0
  559  Fe   5.740000000000 20.090000000000 25.830000000000  8.0 6.0
  560  Fe   7.175000000000 21.525000000000 27.265000000000  8.0 6.0
  561  Fe   5.740000000000 22.960000000000  0.000000000000  8.0 6.0
  562  Fe   7.175000000000 24.395000000000  1.435000000000  8.0 6.0
  563  Fe   5.740000000000 22.960000000000  2.870000000000  8.0 6.0
  564  Fe   7.175000000000 24.395000000000  4.305000000000  8.0 6.0
  565  Fe   5.740000000000 22.960000000000  5.740000000000  8.0 6.0
  566  Fe   7.175000000000 24.395000000000  7.175000000000  8.0 6.0
  567  Fe   5.740000000000 22.960000000000  8.610000000000  8.0 6.0
  568  Fe   7.175000000000 24.395000000000 10.045000000000  8.0 6.0
  569  Fe   5.740000000000 22.960000000000 11.480000000000  8.0 6.0
  570  Fe   7.175000000000 24.395000000000 12.915000000000  8.0 6.0
  571  Fe   5.740000000000 22.960000000000 14.350000000000  8.0 6.0
  572  Fe   7.175000000000 24.395000000000 15.785000000000  8.0 6.0
  573  Fe   5.740000000000 22.960000000000 17.220000000000  8.0 6.0
  574  Fe   7.175000000000 24.395000000000 18.655000000000  8.0 6.0
  575  Fe   5.740000000000 22.960000000000 20.090000000000  8.0 6.0
  576  Fe   7.175000000000 24.395000000000 21.525000000000  8.0 6.0
  577  Fe   5.740000000000 22.960000000000 22.960000000000  8.0 6.0
  578  Fe   7.175000000000 24.395000000000 24.395000000000  8.0 6.0
  579  Fe   5.740000000000 22.960000000000 25.830000000000  8.0 6.0
  580  Fe   7.175000000000 24.395000000000 27.265000000000  8.0 6.0
  581  Fe   5.740000000000 25.830000000000  0.000000000000  8.0 6.0
  582  Fe   7.175000000000 27.265000000000  1.435000000000  8.0 6.0
  583  Fe   5.740000000000 25.830000000000  2.870000000000  8.0 6.0
  584  Fe   7.175000000000 27.265000000000  4.305000000000  8.0 6.0
  585  Fe   5.740000000000 25.830000000000  5.740000000000  8.0 6.0
  586  Fe   7.175000000000 27.265000000000  7.175000000000  8.0 6.0
  587  Fe   5.740000000000 25.830000000000  8.610000000000  8.0 6.0
  588  Fe   7.175000000000 27.265000000000 10.045000000000  8.0 6.0
  589  Fe   5.740000000000 25.830000000000 11.480000000000  8.0 6.0
  590  Fe   7.175000000000 27.265000000000 12.915000000000  8.0 6.0
  591  Fe   5.740000000000 25.830000000000 14.350000000000  8.0 6.0
  592  Fe   7.175000000000 27.265000000000 15.785000000000  8.0 6.0
  593  Fe   5.740000000000 25.830000000000 17.220000000000  8.0 6.0
  594  Fe   7.175000000000 27.265000000000 18.655000000000  8.0 6.0
  595  Fe   5.740000000000 25.830000000000 20.090000000000  8.0 6.0
  596  Fe   7.175000000000 27.265000000000 21.525000000000  8.0 6.0
  597  Fe   5.740000000000 25.830000000000 22.960000000000  8.0 6.0
  598  Fe   7.175000000000 27.265000000000 24.395000000000  8.0 6.0
  599  Fe   5.740000000000 25.830000000000 25.830000000000  8.0 6.0
  600  Fe   7.175000000000 27.265000000000 27.265000000000  8.0 6.0
  601  Fe   8.610000000000  0.000000000000  0.000000000000  8.0 6.0
  602  Fe  10.045000000000  1.435000000000  1.435000000000  8.0 6.0
  603  Fe   8.610000000000  0.000000000000  2.870000000000  8.0 6.0
  604  Fe  10.045000000000  1.435000000000  4.305000000000  8.0 6.0
  605  Fe   8.610000000000  0.000000000000  5.740000000000  8.0 6.0
  606  Fe  10.045000000000  1.435000000000  7.175000000000  8.0 6.0
  607  Fe   8.610000000000  0.000000000000  8.610000000000  8.0 6.0
  608  Fe  10.045000000000  1.435000000000 10.045000000000  8.0 6.0
  609  Fe   8.610000000000  0.000000000000 11.480000000000  8.0 6.0
  610  Fe  10.045000000000  1.435000000000 12.915000000000  8.0 6.0
  611  Fe   8.610000000000  0.000000000000 14.350000000000  8.0 6.0
  612  Fe  10.045000000000  1.435000000000 15.785000000000  8.0 6.0
  613  Fe   8.610000000000  0.000000000000 17.220000000000  8.0 6.0
  614  Fe  10.045000000000  1.435000000000 18.655000000000  8.0 6.0
  615  Fe   8.610000000000  0.000000000000 20.090000000000  8.0 6.0
  616  Fe  10.045000000000  1.435000000000 21.525000000000  8.0 6.0
  617  Fe   8.610000000000  0.000000000000 22.960000000000  8.0 6.0
  618  Fe  10.045000000000  1.435000000000 24.395000000000  8.0 6.0
  619  Fe   8.610000000000  0.000000000000 25.830000000000  8.0 6.0
  620  Fe  10.045000000000  1.435000000000 27.265000000000  8.0 6.0
  621  Fe   8.610000000000  2.870000000000  0.000000000000  8.0 6.0
  622  Fe  10.045000000000  4.305000000000  1.435000000000  8.0 6.0
  623  Fe   8.610000000000  2.870000000000  2.870000000000  8.0 6.0
  624  Fe  10.045000000000  4.305000000000  4.305000000000  8.0 6.0
  625  Fe   8.610000000000  2.870000000000  5.740000000000  8.0 6.0
  626  Fe  10.045000000000  4.305000000000  7.175000000000  8.0 6.0
  627  Fe   8.610000000000  2.870000000000  8.610000000000  8.0 6.0
  628  Fe  10.045000000000  4.305000000000 10.045000000000  8.0 6.0
  629  Fe   8.610000000000  2.870000000000 11.480000000000  8.0 6.0
  630  Fe  10.045000000000  4.305000000000 12.915000000000  8.0 6.0
  631  Fe   8.610000000000  2.870000000000 14.350000000000  8.0 6.0
  632  Fe  10.045000000000  4.305000000000 15.785000000000  8.0 6.0
  633  Fe   8.610000000000  2.870000000000 17.220000000000  8.0 6.0
  634  Fe  10.045000000000  4.305000000000 18.655000000000  8.0 6.0
  635  Fe   8.610000000000  2.870000000000 20.090000000000  8.0 6.0
  636  Fe  10.045000000000  4.305000000000 21.525000000000  8.0 6.0
  637  Fe   8.610000000000  2.870000000000 22.960000000000  8.0 6.0
  638  Fe  10.045000000000  4.305000000000 24.395000000000  8.0 6.0
  639  Fe   8.610000000000  2.870000000000 25.830000000000  8.0 6.0
  640  Fe  10.045000000000  4.305000000000 27.265000000000  8.0 6.0
  641  Fe   8.610000000000  5.740000000000  0.000000000000  8.0 6.0
  642  Fe  10.045000000000  7.175000000000  1.435000000000  8.0 6.0
  643  Fe   8.610000000000  5.740000000000  2.870000000000  8.0 6.0
  644  Fe  10.045000000000  7.175000000000  4.305000000000  8.0 6.0
  645  Fe   8.610000000000  5.740000000000  5.740000000000  8.0 6.0
  646  Fe  10.045000000000  7.175000000000  7.175000000000  8.0 6.0
  647  Fe   8.610000000000  5.740000000000  8.610000000000  8.0 6.0
  648  Fe  10.045000000000  7.175000000000 10.045000000000  8.0 6.0
  649  Fe   8.610000000000  5.740000000000 11.480000000000  8.0 6.0
  650  Fe  10.045000000000  7.175000000000 12.915000000000  8.0 6.0
  651  Fe   8.610000000000  5.740000000000 14.350000000000  8.0 6.0
  652  Fe  10.045000000000  7.175000000000 15.785000000000  8.0 6.0
  653  Fe   8.610000000000  5.740000000000 17.220000000000  8.0 6.0
  654  Fe  10.045000000000  7.175000000000 18.655000000000  8.0 6.0
  655  Fe   8.610000000000  5.740000000000 20.090000000000  8.0 6.0
  656  Fe  10.045000000000  7.175000000000 21.525000000000  8.0 6.0
  657  Fe   8.610000000000  5.740000000000 22.960000000000  8.0 6.0
  658  Fe  10.045000000000  7.175000000000 24.395000000000  8.0 6.0
  659  Fe   8.610000000000  5.740000000000 25.830000000000  8.0 6.0
  660  Fe  10.045000000000  7.175000000000 27.265000000000  8.0 6.0
  661  Fe   8.610000000000  8.610000000000  0.000000000000  8.0 6.0
  662  Fe  10.045000000000 10.045000000000  1.435000000000  8.0 6.0
  663  Fe   8.610000000000  8.610000000000  2.870000000000  8.0 6.0
  664  Fe  10.045000000000 10.045000000000  4.305000000000  8.0 6.0
  665  Fe   8.610000000000  8.610000000000  5.740000000000  8.0 6.0
  666  Fe  10.045000000000 10.045000000000  7.175000000000  8.0 6.0
  667  Fe   8.610000000000  8.610000000000  8.610000000000  8.0 6.0
  668  Fe  10.045000000000 10.045000000000 10.045000000000  8.0 6.0
  669  Fe   8.610000000000  8.610000000000 11.480000000000  8.0 6.0
  670  Fe  10.045000000000 10.045000000000 12.915000000000  8.0 6.0
  671  Fe   8.610000000000  8.610000000000 14.350000000000  8.0 6.0
  672  Fe  10.045000000000 10.045000000000 15.785000000000  8.0 6.0
  673  Fe   8.610000000000  8.610000000000 17.220000000000  8.0 6.0
  674  Fe  10.045000000000 10.045000000000 18.655000000000  8.0 6.0
  675  Fe   8.610000000000  8.610000000000 20.090000000000  8.0 6.0
  676  Fe  10.045000000000 10.045000000000 21.525000000000  8.0 6.0
  677  Fe   8.610000000000  8.610000000000 22.960000000000  8.0 6.0
  678  Fe  10.045000000000 10.045000000000 24.395000000000  8.0 6.0
  679  Fe   8.610000000000  8.610000000000 25.830000000000  8.0 6.0
  680  Fe  10.045000000000 10.045000000000 27.265000000000  8.0 6.0
  681  Fe   8.610000000000 11.480000000000  0.000000000000  8.0 6.0
  682  Fe  10.045000000000 12.915000000000  1.435000000000  8.0 6.0
  683  Fe   8.610000000000 11.480000000000  2.870000000000  8.0 6.0
  684  Fe  10.045000000000 12.915000000000  4.305000000000  8.0 6.0
  685  Fe   8.610000000000 11.480000000000  5.740000000000  8.0 6.0
  686  Fe  10.045000000000 12.915000000000  7.175000000000  8.0 6.0
  687  Fe   8.610000000000 11.480000000000  8.610000000000  8.0 6.0
  688  Fe  10.045000000000 12.915000000000 10.045000000000  8.0 6.0
  689  Fe   8.610000000000 11.480000000000 11.480000000000  8.0 6.0
  690  Fe  10.045000000000 12.915000000000 12.915000000000  8.0 6.0
  691  Fe   8.610000000000 11.480000000000 14.350000000000  8.0 6.0
  692  Fe  10.045000000000 12.915000000000 15.785000000000  8.0 6.0
  693  Fe   8.610000000000 11.480000000000 17.220000000000  8.0 6.0
  694  Fe  10.045000000000 12.915000000000 18.655000000000  8.0 6.0
  695  Fe   8.610000000000 11.480000000000 20.090000000000  8.0 6.0
  696  Fe  10.045000000000 12.915000000000 21.525000000000  8.0 6.0
  697  Fe   8.610000000000 11.480000000000 22.960000000000  8.0 6.0
  698  Fe  10.045000000000 12.915000000000 24.395000000000  8.0 6.0
  699  Fe   8.610000000000 11.480000000000 25.830000000000  8.0 6.0
  700  Fe  10.045000000000 12.915000000000 27.265000000000  8.0 6.0
  701  Fe   8.610000000000 14.350000000000  0.000000000000  8.0 6.0
  702  Fe  10.045000000000 15.785000000000  1.435000000000  8.0 6.0
  703  Fe   8.610000000000 14.350000000000  2.870000000000  8.0 6.0
  704  Fe  10.045000000000 15.785000000000  4.305000000000  8.0 6.0
  705  Fe   8.610000000000 14.350000000000  5.740000000000  8.0 6.0
  706  Fe  10.045000000000 15.785000000000  7.175000000000  8.0 6.0
  707  Fe   8.610000000000 14.350000000000  8.610000000000  8.0 6.0
  708  Fe  10.045000000000 15.785000000000 10.045000000000  8.0 6.0
  709  Fe   8.610000000000 14.350000000000 11.480000000000  8.0 6.0
  710  Fe  10.045000000000 15.785000000000 12.915000000000  8.0 6.0
  711  Fe   8.610000000000 14.350000000000 14.350000000000  8.0 6.0
  712  Fe  10.045000000000 15.785000000000 15.785000000000  8.0 6.0
  713  Fe   8.610000000000 14.350000000000 17.220000000000  8.0 6.0
  714  Fe  10.045000000000 15.785000000000 18.655000000000  8.0 6.0
  715  Fe   8.610000000000 14.350000000000 20.090000000000  8.0 6.0
  716  Fe  10.045000000000 15.785000000000 21.525000000000  8.0 6.0
  717  Fe   8.610000000000 14.350000000000 22.960000000000  8.0 6.0
  718  Fe  10.045000000000 15.785000000000 24.395000000000  8.0 6.0
  719  Fe   8.610000000000 14.350000000000 25.830000000000  8.0 6.0
  720  Fe  10.045000000000 15.785000000000 27.265000000000  8.0 6.0
  721  Fe   8.610000000000 17.220000000000  0.000000000000  8.0 6.0
  722  Fe  10.045000000000 18.655000000000  1.435000000000  8.0 6.0
  723  Fe   8.610000000000 17.220000000000  2.870000000000  8.0 6.0
  724  Fe  10.045000000000 18.655000000000  4.305000000000  8.0 6.0
  725  Fe   8.610000000000 17.220000000000  5.740000000000  8.0 6.0
  726  Fe  10.045000000000 18.655000000000  7.175000000000  8.0 6.0
  727  Fe   8.610000000000 17.220000000000  8.610000000000  8.0 6.0
  728  Fe  10.045000000000 18.655000000000 10.045000000000  8.0 6.0
  729  Fe   8.610000000000 17.220000000000 11.480000000000  8.0 6.0
  730  Fe  10.045000000000 18.655000000000 12.915000000000  8.0 6.0
  731  Fe   8.610000000000 17.220000000000 14.350000000000  8.0 6.0
  732  Fe  10.045000000000 18.655000000000 15.785000000000  8.0 6.0
  733  Fe   8.610000000000 17.220000000000 17.220000000000  8.0 6.0
  734  Fe  10.045000000000 18.655000000000 18.655000000000  8.0 6.0
  735  Fe   8.610000000000 17.220000000000 20.090000000000  8.0 6.0
  736  Fe  10.045000000000 18.655000000000 21.525000000000  8.0 6.0
  737  Fe   8.610000000000 17.220000000000 22.960000000000  8.0 6.0
  738  Fe  10.045000000000 18.655000000000 24.395000000000  8.0 6.0
  739  Fe   8.610000000000 17.220000000000 25.830000000000  8.0 6.0
  740  Fe  10.045000000000 18.655000000000 27.265000000000  8.0 6.0
  741  Fe   8.610000000000 20.090000000000  0.000000000000  8.0 6.0
  742  Fe  10.045000000000 21.525000000000  1.435000000000  8.0 6.0
  743  Fe   8.610000000000 20.090000000000  2.870000000000  8.0 6.0
  744  Fe  10.045000000000 21.525000000000  4.305000000000  8.0 6.0
  745  Fe   8.610000000000 20.090000000000  5.740000000000  8.0 6.0
  746  Fe  10.045000000000 21.525000000000  7.175000000000  8.0 6.0
  747  Fe   8.610000000000 20.090000000000  8.610000000000  8.0 6.0
  748  Fe  10.045000000000 21.525000000000 10.045000000000  8.0 6.0
  749  Fe   8.610000000000 20.090000000000 11.480000000000  8.0 6.0
  750  Fe  10.045000000000 21.525000000000 12.915000000000  8.0 6.0
  751  Fe   8.610000000000 20.090000000000 14.350000000000  8.0 6.0
  752  Fe  10.045000000000 21.525000000000 15.785000000000  8.0 6.0
  753  Fe   8.610000000000 20.090000000000 17.220000000000  8.0 6.0
  754  Fe  10.045000000000 21.525000000000 18.655000000000  8.0 6.0
  755  Fe   8.610000000000 20.090000000000 20.090000000000  8.0 6.0
  756  Fe  10.045000000000 21.525000000000 21.525000000000  8.0 6.0
  757  Fe   8.610000000000 20.090000000000 22.960000000000  8.0 6.0
  758  Fe  10.045000000000 21.525000000000 24.395000000000  8.0 6.0
  759  Fe   8.610000000000 20.090000000000 25.830000000000  8.0 6.0
  760  Fe  10.045000000000 21.525000000000 27.265000000000  8.0 6.0
  761  Fe   8.610000000000 22.960000000000  0.000000000000  8.0 6.0
  762  Fe  10.045000000000 24.395000000000  1.435000000000  8.0 6.0
  763  Fe   8.610000000000 22.960000000000  2.870000000000  8.0 6.0
  764  Fe  10.045000000000 24.395000000000  4.305000000000  8.0 6.0
  765  Fe   8.610000000000 22.960000000000  5.740000000000  8.0 6.0
  766  Fe  10.045000000000 24.395000000000  7.175000000000  8.0 6.0
  767  Fe   8.610000000000 22.960000000000  8.610000000000  8.0 6.0
  768  Fe  10.045000000000 24.395000000000 10.045000000000  8.0 6.0
  769  Fe   8.610000000000 22.960000000000 11.480000000000  8.0 6.0
  770  Fe  10.045000000000 24.395000000000 12.915000000000  8.0 6.0
  771  Fe   8.610000000000 22.960000000000 14.350000000000  8.0 6.0
  772  Fe  10.045000000000 24.395000000000 15.785000000000  8.0 6.0
  773  Fe   8.610000000000 22.960000000000 17.220000000000  8.0 6.0
  774  Fe  10.045000000000 24.395000000000 18.655000000000  8.0 6.0
  775  Fe   8.610000000000 22.960000000000 20.090000000000  8.0 6.0
  776  Fe  10.045000000000 24.395000000000 21.525000000000  8.0 6.0
  777  Fe   8.610000000000 22.960000000000 22.960000000000  8.0 6.0
  778  Fe  10.045000000000 24.395000000000 24.395000000000  8.0 6.0
  779  Fe   8.610000000000 22.960000000000 25.830000000000  8.0 6.0
  780  Fe  10.045000000000 24.395000000000 27.265000000000  8.0 6.0
  781  Fe   8.610000000000 25.830000000000  0.000000000000  8.0 6.0
  782  Fe  10.045000000000 27.265000000000  1.435000000000  8.0 6.0
  783  Fe   8.610000000000 25.830000000000  2.870000000000  8.0 6.0
  784  Fe  10.045000000000 27.265000000000  4.305000000000  8.0 6.0
  785  Fe   8.610000000000 25.830000000000  5.740000000000  8.0 6.0
  786  Fe  10.045000000000 27.265000000000  7.175000000000  8.0 6.0
  787  Fe   8.610000000000 25.830000000000  8.610000000000  8.0 6.0
  788  Fe  10.045000000000 27.265000000000 10.045000000000  8.0 6.0
  789  Fe   8.610000000000 25.830000000000 11.480000000000  8.0 6.0
  790  Fe  10.045000000000 27.265000000000 12.915000000000  8.0 6.0
  791  Fe   8.610000000000 25.830000000000 14.350000000000  8.0 6.0
  792  Fe  10.045000000000 27.265000000000 15.785000000000  8.0 6.0
  793  Fe   8.610000000000 25.830000000000 17.220000000000  8.0 6.0
  794  Fe  10.045000000000 27.265000000000 18.655000000000  8.0 6.0
  795  Fe   8.610000000000 25.830000000000 20.090000000000  8.0 6.0
  796  Fe  10.045000000000 27.265000000000 21.525000000000  8.0 6.0
  797  Fe   8.610000000000 25.830000000000 22.960000000000  8.0 6.0
  798  Fe  10.045000000000 27.265000000000 24.395000000000  8.0 6.0
  799  Fe   8.610000000000 25.830000000000 25.830000000000  8.0 6.0
  800  Fe  10.045000000000 27.265000000000 27.265000000000  8.0 6.0
  801  Fe  11.480000000000  0.000000000000  0.000000000000  8.0 6.0
  802  Fe  12.915000000000  1.435000000000  1.435000000000  8.0 6.0
  803  Fe  11.480000000000  0.000000000000  2.870000000000  8.0 6.0
  804  Fe  12.915000000000  1.435000000000  4.305000000000  8.0 6.0
  805  Fe  11.480000000000  0.000000000000  5.740000000000  8.0 6.0
  806  Fe  12.915000000000  1.435000000000  7.175000000000  8.0 6.0
  807  Fe  11.480000000000  0.000000000000  8.610000000000  8.0 6.0
  808  Fe  12.915000000000  1.435000000000 10.045000000000  8.0 6.0
  809  Fe  11.480000000000  0.000000000000 11.480000000000  8.0 6.0
  810  Fe  12.915000000000  1.435000000000 12.915000000000  8.0 6.0
  811  Fe  11.480000000000  0.000000000000 14.350000000000  8.0 6.0
  812  Fe  12.915000000000  1.435000000000 15.785000000000  8.0 6.0
  813  Fe  11.480000000000  0.000000000000 17.220000000000  8.0 6.0
  814  Fe  12.915000000000  1.435000000000 18.655000000000  8.0 6.0
  815  Fe  11.480000000000  0.000000000000 20.090000000000  8.0 6.0
  816  Fe  12.915000000000  1.435000000000 21.525000000000  8.0 6.0
  817  Fe  11.480000000000  0.000000000000 22.960000000000  8.0 6.0
  818  Fe  12.915000000000  1.435000000000 24.395000000000  8.0 6.0
  819  Fe  11.480000000000  0.000000000000 25.830000000000  8.0 6.0
  820  Fe  12.915000000000  1.435000000000 27.265000000000  8.0 6.0
  821  Fe  11.480000000000  2.870000000000  0.000000000000  8.0 6.0
  822  Fe  12.915000000000  4.305000000000  1.435000000000  8.0 6.0
  823  Fe  11.480000000000  2.870000000000  2.870000000000  8.0 6.0
  824  Fe  12.915000000000  4.305000000000  4.305000000000  8.0 6.0
  825  Fe  11.480000000000  2.870000000000  5.740000000000  8.0 6.0
  826  Fe  12.915000000000  4.305000000000  7.175000000000  8.0 6.0
  827  Fe  11.480000000000  2.870000000000  8.610000000000  8.0 6.0
  828  Fe  12.915000000000  4.305000000000 10.045000000000  8.0 6.0
  829  Fe  11.480000000000  2.870000000000 11.480000000000  8.0 6.0
  830  Fe  12.915000000000  4.305000000000 12.915000000000  8.0 6.0
  831  Fe  11.480000000000  2.870000000000 14.350000000000  8.0 6.0
  832  Fe  12.915000000000  4.305000000000 15.785000000000  8.0 6.0
  833  Fe  11.480000000000  2.870000000000 17.220000000000  8.0 6.0
  834  Fe  12.915000000000  4.305000000000 18.655000000000  8.0 6.0
  835  Fe  11.480000000000  2.870000000000 20.090000000000  8.0 6.0
  836  Fe  12.915000000000  4.305000000000 21.525000000000  8.0 6.0
  837  Fe  11.480000000000  2.870000000000 22.960000000000  8.0 6.0
  838  Fe  12.915000000000  4.305000000000 24.395000000000  8.0 6.0
  839  Fe  11.480000000000  2.870000000000 25.830000000000  8.0 6.0
  840  Fe  12.915000000000  4.305000000000 27.265000000000  8.0 6.0
  841  Fe  11.480000000000  5.740000000000  0.000000000000  8.0 6.0
  842  Fe  12.915000000000  7.175000000000  1.435000000000  8.0 6.0
  843  Fe  11.480000000000  5.740000000000  2.870000000000  8.0 6.0
  844  Fe  12.915000000000  7.175000000000  4.305000000000  8.0 6.0
  845  Fe  11.480000000000  5.740000000000  5.740000000000  8.0 6.0
  846  Fe  12.915000000000  7.175000000000  7.175000000000  8.0 6.0
  847  Fe  11.480000000000  5.740000000000  8.610000000000  8.0 6.0
  848  Fe  12.915000000000  7.175000000000 10.045000000000  8.0 6.0
  849  Fe  11.480000000000  5.740000000000 11.480000000000  8.0 6.0
  850  Fe  12.915000000000  7.175000000000 12.915000000000  8.0 6.0
  851  Fe  11.480000000000  5.740000000000 14.350000000000  8.0 6.0
  852  Fe  12.915000000000  7.175000000000 15.785000000000  8.0 6.0
  853  Fe  11.480000000000  5.740000000000 17.220000000000  8.0 6.0
  854  Fe  12.915000000000  7.175000000000 18.655000000000  8.0 6.0
  855  Fe  11.480000000000  5.740000000000 20.090000000000  8.0 6.0
  856  Fe  12.915000000000  7.175000000000 21.525000000000  8.0 6.0
  857  Fe  11.480000000000  5.740000000000 22.960000000000  8.0 6.0
  858  Fe  12.915000000000  7.175000000000 24.395000000000  8.0 6.0
  859  Fe  11.480000000000  5.740000000000 25.830000000000  8.0 6.0
  860  Fe  12.915000000000  7.175000000000 27.265000000000  8.0 6.0
  861  Fe  11.480000000000  8.610000000000  0.000000000000  8.0 6.0
  862  Fe  12.915000000000 10.045000000000  1.435000000000  8.0 6.0
  863  Fe  11.480000000000  8.610000000000  2.870000000000  8.0 6.0
  864  Fe  12.915000000000 10.045000000000  4.305000000000  8.0 6.0
  865  Fe  11.480000000000  8.610000000000  5.740000000000  8.0 6.0
  866  Fe  12.915000000000 10.045000000000  7.175000000000  8.0 6.0
  867  Fe  11.480000000000  8.610000000000  8.610000000000  8.0 6.0
  868  Fe  12.915000000000 10.045000000000 10.045000000000  8.0 6.0
  869  Fe  11.480000000000  8.610000000000 11.480000000000  8.0 6.0
  870  Fe  12.915000000000 10.045000000000 12.915000000000  8.0 6.0
  871  Fe  11.480000000000  8.610000000000 14.350000000000  8.0 6.0
  872  Fe  12.915000000000 10.045000000000 15.785000000000  8.0 6.0
  873  Fe  11.480000000000  8.610000000000 17.220000000000  8.0 6.0
  874  Fe  12.915000000000 10.045000000000 18.655000000000  8.0 6.0
  875  Fe  11.480000000000  8.610000000000 20.090000000000  8.0 6.0
  876  Fe  12.915000000000 10.045000000000 21.525000000000  8.0 6.0
  877  Fe  11.480000000000  8.610000000000 22.960000000000  8.0 6.0
  878  Fe  12.915000000000 10.045000000000 24.395000000000  8.0 6.0
  879  Fe  11.480000000000  8.610000000000 25.830000000000  8.0 6.0
  880  Fe  12.915000000000 10.045000000000 27.265000000000  8.0 6.0
  881  Fe  11.480000000000 11.480000000000  0.000000000000  8.0 6.0
  882  Fe  12.915000000000 12.915000000000  1.435000000000  8.0 6.0
  883  Fe  11.480000000000 11.480000000000  2.870000000000  8.0 6.0
  884  Fe  12.915000000000 12.915000000000  4.305000000000  8.0 6.0
  885  Fe  11.480000000000 11.480000000000  5.740000000000  8.0 6.0
  886  Fe  12.915000000000 12.915000000000  7.175000000000  8.0 6.0
  887  Fe  11.480000000000 11.480000000000  8.610000000000  8.0 6.0
  888  Fe  12.915000000000 12.915000000000 10.045000000000  8.0 6.0
  889  Fe  11.480000000000 11.480000000000 11.480000000000  8.0 6.0
  890  Fe  12.915000000000 12.915000000000 12.915000000000  8.0 6.0
  891  Fe  11.480000000000 11.480000000000 14.350000000000  8.0 6.0
  892  Fe  12.915000000000 12.915000000000 15.785000000000  8.0 6.0
  893  Fe  11.480000000000 11.480000000000 17.220000000000  8.0 6.0
  894  Fe  12.915000000000 12.915000000000 18.655000000000  8.0 6.0
  895  Fe  11.480000000000 11.480000000000 20.090000000000  8.0 6.0
  896  Fe  12.915000000000 12.915000000000 21.525000000000  8.0 6.0
  897  Fe  11.480000000000 11.480000000000 22.960000000000  8.0 6.0
  898  Fe  12.915000000000 12.915000000000 24.395000000000  8.0 6.0
  899  Fe  11.480000000000 11.480000000000 25.830000000000  8.0 6.0
  900  Fe  12.915000000000 12.915000000000 27.265000000000  8.0 6.0
  901  Fe  11.480000000000 14.350000000000  0.000000000000  8.0 6.0
  902  Fe  12.915000000000 15.785000000000  1.435000000000  8.0 6.0
  903  Fe  11.480000000000 14.350000000000  2.870000000000  8.0 6.0
  904  Fe  12.915000000000 15.785000000000  4.305000000000  8.0 6.0
  905  Fe  11.480000000000 14.350000000000  5.740000000000  8.0 6.0
  906  Fe  12.915000000000 15.785000000000  7.175000000000  8.0 6.0
  907  Fe  11.480000000000 14.350000000000  8.610000000000  8.0 6.0
  908  Fe  12.915000000000 15.785000000000 10.045000000000  8.0 6.0
  909  Fe  11.480000000000 14.350000000000 11.480000000000  8.0 6.0
  910  Fe  12.915000000000 15.785000000000 12.915000000000  8.0 6.0
  911  Fe  11.480000000000 14.350000000000 14.350000000000  8.0 6.0
  912  Fe  12.915000000000 15.785000000000 15.785000000000  8.0 6.0
  913  Fe  11.480000000000 14.350000000000 17.220000000000  8.0 6.0
  914  Fe  12.915000000000 15.785000000000 18.655000000000  8.0 6.0
  915  Fe  11.480000000000 14.350000000000 20.090000000000  8.0 6.0
  916  Fe  12.915000000000 15.785000000000 21.525000000000  8.0 6.0
  917  Fe  11.480000000000 14.350000000000 22.960000000000  8.0 6.0
  918  Fe  12.915000000000 15.785000000000 24.395000000000  8.0 6.0
  919  Fe  11.480000000000 14.350000000000 25.830000000000  8.0 6.0
  920  Fe  12.915000000000 15.785000000000 27.265000000000  8.0 6.0
  921  Fe  11.480000000000 17.220000000000  0.000000000000  8.0 6.0
  922  Fe  12.915000000000 18.655000000000  1.435000000000  8.0 6.0
  923  Fe  11.480000000000 17.220000000000  2.870000000000  8.0 6.0
  924  Fe  12.915000000000 18.655000000000  4.305000000000  8.0 6.0
  925  Fe  11.480000000000 17.220000000000  5.740000000000  8.0 6.0
  926  Fe  12.915000000000 18.655000000000  7.175000000000  8.0 6.0
  927  Fe  11.480000000000 17.220000000000  8.610000000000  8.0 6.0
  928  Fe  12.915000000000 18.655000000000 10.045000000000  8.0 6.0
  929  Fe  11.480000000000 17.220000000000 11.480000000000  8.0 6.0
  930  Fe  12.915000000000 18.655000000000 12.915000000000  8.0 6.0
  931  Fe  11.480000000000 17.220000000000 14.350000000000  8.0 6.0
  932  Fe  12.915000000000 18.655000000000 15.785000000000  8.0 6.0
  933  Fe  11.480000000000 17.220000000000 17.220000000000  8.0 6.0
  934  Fe  12.915000000000 18.655000000000 18.655000000000  8.0 6.0
  935  Fe  11.480000000000 17.220000000000 20.090000000000  8.0 6.0
  936  Fe  12.915000000000 18.655000000000 21.525000000000  8.0 6.0
  937  Fe  11.480000000000 17.220000000000 22.960000000000  8.0 6.0
  938  Fe  12.915000000000 18.655000000000 24.395000000000  8.0 6.0
  939  Fe  11.480000000000 17.220000000000 25.830000000000  8.0 6.0
  940  Fe  12.915000000000 18.655000000000 27.265000000000  8.0 6.0
  941  Fe  11.480000000000 20.090000000000  0.000000000000  8.0 6.0
  942  Fe  12.915000000000 21.525000000000  1.435000000000  8.0 6.0
  943  Fe  11.480000000000 20.090000000000  2.870000000000  8.0 6.0
  944  Fe  12.915000000000 21.525000000000  4.305000000000  8.0 6.0
  945  Fe  11.480000000000 20.090000000000  5.740000000000  8.0 6.0
  946  Fe  12.915000000000 21.525000000000  7.175000000000  8.0 6.0
  947  Fe  11.480000000000 20.090000000000  8.610000000000  8.0 6.0
  948  Fe  12.915000000000 21.525000000000 10.045000000000  8.0 6.0
  949  Fe  11.480000000000 20.090000000000 11.480000000000  8.0 6.0
  950  Fe  12.915000000000 21.525000000000 12.915000000000  8.0 6.0
  951  Fe  11.480000000000 20.090000000000 14.350000000000  8.0 6.0
  952  Fe  12.915000000000 21.525000000000 15.785000000000  8.0 6.0
  953  Fe  11.480000000000 20.090000000000 17.220000000000  8.0 6.0
  954  Fe  12.915000000000 21.525000000000 18.655000000000  8.0 6.0
  955  Fe  11.480000000000 20.090000000000 20.090000000000  8.0 6.0
  956  Fe  12.915000000000 21.525000000000 21.525000000000  8.0 6.0
  957  Fe  11.480000000000 20.090000000000 22.960000000000  8.0 6.0
  958  Fe  12.915000000000 21.525000000000 24.395000000000  8.0 6.0
  959  Fe  11.480000000000 20.090000000000 25.830000000000  8.0 6.0
  960  Fe  12.915000000000 21.525000000000 27.265000000000  8.0 6.0
  961  Fe  11.480000000000 22.960000000000  0.000000000000  8.0 6.0
  962  Fe  12.915000000000 24.395000000000  1.435000000000  8.0 6.0
  963  Fe  11.480000000000 22.960000000000  2.870000000000  8.0 6.0
  964  Fe  12.915000000000 24.395000000000  4.305000000000  8.0 6.0
  965  Fe  11.480000000000 22.960000000000  5.740000000000  8.0 6.0
  966  Fe  12.915000000000 24.395000000000  7.175000000000  8.0 6.0
  967  Fe  11.480000000000 22.960000000000  8.610000000000  8.0 6.0
  968  Fe  12.915000000000 24.395000000000 10.045000000000  8.0 6.0
  969  Fe  11.480000000000 22.960000000000 11.480000000000  8.0 6.0
  970  Fe  12.915000000000 24.395000000000 12.915000000000  8.0 6.0
  971  Fe  11.480000000000 22.960000000000 14.350000000000  8.0 6.0
  972  Fe  12.915000000000 24.395000000000 15.785000000000  8.0 6.0
  973  Fe  11.480000000000 22.960000000000 17.220000000000  8.0 6.0
  974  Fe  12.915000000000 24.395000000000 18.655000000000  8.0 6.0
  975  Fe  11.480000000000 22.960000000000 20.090000000000  8.0 6.0
  976  Fe  12.915000000000 24.395000000000 21.525000000000  8.0 6.0
  977  Fe  11.480000000000 22.960000000000 22.960000000000  8.0 6.0
  978  Fe  12.915000000000 24.395000000000 24.395000000000  8.0 6.0
  979  Fe  11.480000000000 22.960000000000 25.830000000000  8.0 6.0
  980  Fe  12.915000000000 24.395000000000 27.265000000000  8.0 6.0
  981  Fe  11.480000000000 25.830000000000  0.000000000000  8.0 6.0
  982  Fe  12.915000000000 27.265000000000  1.435000000000  8.0 6.0
  983  Fe  11.480000000000 25.830000000000  2.870000000000  8.0 6.0
  984  Fe  12.915000000000 27.265000000000  4.305000000000  8.0 6.0
  985  Fe  11.480000000000 25.830000000000  5.740000000000  8.0 6.0
  986  Fe  12.915000000000 27.265000000000  7.175000000000  8.0 6.0
  987  Fe  11.480000000000 25.830000000000  8.610000000000  8.0 6.0
  988  Fe  12.915000000000 27.265000000000 10.045000000000  8.0 6.0
  989  Fe  11.480000000000 25.830000000000 11.480000000000  8.0 6.0
  990  Fe  12.915000000000 27.265000000000 12.915000000000  8.0 6.0
  991  Fe  11.480000000000 25.830000000000 14.350000000000  8.0 6.0
  992  Fe  12.915000000000 27.265000000000 15.785000000000  8.0 6.0
  993  Fe  11.480000000000 25.830000000000 17.220000000000  8.0 6.0
  994  Fe  12.915000000000 27.265000000000 18.655000000000  8.0 6.0
  995  Fe  11.480000000000 25.830000000000 20.090000000000  8.0 6.0
  996  Fe  12.915000000000 27.265000000000 21.525000000000  8.0 6.0
  997  Fe  11.480000000000 25.830000000000 22.960000000000  8.0 6.0
  998  Fe  12.915000000000 27.265000000000 24.395000000000  8.0 6.0
  999  Fe  11.480000000000 25.830000000000 25.830000000000  8.0 6.0
 1000  Fe  12.915000000000 27.265000000000 27.265000000000  8.0 6.0
Atoms.SpeciesAndCoordinates>
Atoms.UnitVectors.Unit             Ang #  Ang|AU
<Atoms.UnitVectors                     # unit=Ang.
14.350000000000  0.000000000000  0.000000000000
 0.000000000000 28.700000000000  0.000000000000
 0.000000000000  0.000000000000 28.700000000000
Atoms.UnitVectors>

#
# SCF or Electronic System
#

scf.XcType                GGA-PBE      # LDA|LSDA-CA|LSDA-PW
scf.SpinPolarization        on         # On|Off
scf.ElectronicTemperature  900.0       # default=300 (K)
scf.energycutoff           180.0       # default=150 (Ry)
scf.ProExpn.VNA             on         # default=on
scf.maxIter                1000        # default=40
scf.EigenvalueSolver       cluster     # Recursion|Cluster|Band
scf.Kgrid                 1 1 1        # means 4x4x4
scf.Mixing.Type           rmm-diisk    # Simple|Rmm-Diis|Gr-Pulay
scf.Kerker.factor           30
scf.Init.Mixing.Weight     0.001       # default=0.30 
scf.Min.Mixing.Weight      0.001       # default=0.001 
scf.Max.Mixing.Weight      0.200       # default=0.40 
scf.Mixing.History          60         # default=5
scf.Mixing.StartPulay       50         # default=6
scf.criterion             1.0e-10      # default=1.0e-6 (Hartree) 

#
# MD or Geometry Optimization
#

MD.Type                     nomd       # Nomd|Opt|DIIS|NVE|NVT_VS|NVT_NH
MD.maxIter                   1         # default=1
MD.TimeStep                0.5         # default=0.5 (fs)
MD.Opt.criterion          1.0e-4       # default=1.0e-4 (Hartree/bohr)
