#
#  Graphene including 1024 carbon atoms 
#

System.CurrrentDirectory         ./    # default=./
System.Name                     GRA1024
level.of.stdout                   1    # default=1 (1-3)
level.of.fileout                  0    # default=1 (1-3)

#
# Definition of Atomic Species
#

Species.Number       1
<Definition.of.Atomic.Species
 C   C7.0-s2p2d1   C_PBE13
Definition.of.Atomic.Species>

#
# Atoms
#

Atoms.Number        1024
Atoms.SpeciesAndCoordinates.Unit   Ang # Ang|AU
<Atoms.SpeciesAndCoordinates           # Unit=Ang.
     1 C  0.000000000000  0.000000000000  0.000000000000  2.0 2.0
     2 C  2.840000000000  0.000000000000  0.000000000000  2.0 2.0
     3 C  0.710000000000  1.229756000000  0.000000000000  2.0 2.0
     4 C  2.130000000000  1.229756000000  0.000000000000  2.0 2.0
     5 C  0.000000000000  2.459512146748  0.000000000000  2.0 2.0
     6 C  2.840000000000  2.459512146748  0.000000000000  2.0 2.0
     7 C  0.710000000000  3.689268146748  0.000000000000  2.0 2.0
     8 C  2.130000000000  3.689268146748  0.000000000000  2.0 2.0
     9 C  0.000000000000  4.919024293496  0.000000000000  2.0 2.0
    10 C  2.840000000000  4.919024293496  0.000000000000  2.0 2.0
    11 C  0.710000000000  6.148780293496  0.000000000000  2.0 2.0
    12 C  2.130000000000  6.148780293496  0.000000000000  2.0 2.0
    13 C  0.000000000000  7.378536440243  0.000000000000  2.0 2.0
    14 C  2.840000000000  7.378536440243  0.000000000000  2.0 2.0
    15 C  0.710000000000  8.608292440243  0.000000000000  2.0 2.0
    16 C  2.130000000000  8.608292440243  0.000000000000  2.0 2.0
    17 C  0.000000000000  9.838048586991  0.000000000000  2.0 2.0
    18 C  2.840000000000  9.838048586991  0.000000000000  2.0 2.0
    19 C  0.710000000000 11.067804586991  0.000000000000  2.0 2.0
    20 C  2.130000000000 11.067804586991  0.000000000000  2.0 2.0
    21 C  0.000000000000 12.297560733739  0.000000000000  2.0 2.0
    22 C  2.840000000000 12.297560733739  0.000000000000  2.0 2.0
    23 C  0.710000000000 13.527316733739  0.000000000000  2.0 2.0
    24 C  2.130000000000 13.527316733739  0.000000000000  2.0 2.0
    25 C  0.000000000000 14.757072880487  0.000000000000  2.0 2.0
    26 C  2.840000000000 14.757072880487  0.000000000000  2.0 2.0
    27 C  0.710000000000 15.986828880487  0.000000000000  2.0 2.0
    28 C  2.130000000000 15.986828880487  0.000000000000  2.0 2.0
    29 C  0.000000000000 17.216585027235  0.000000000000  2.0 2.0
    30 C  2.840000000000 17.216585027235  0.000000000000  2.0 2.0
    31 C  0.710000000000 18.446341027235  0.000000000000  2.0 2.0
    32 C  2.130000000000 18.446341027235  0.000000000000  2.0 2.0
    33 C  0.000000000000 19.676097173982  0.000000000000  2.0 2.0
    34 C  2.840000000000 19.676097173982  0.000000000000  2.0 2.0
    35 C  0.710000000000 20.905853173982  0.000000000000  2.0 2.0
    36 C  2.130000000000 20.905853173982  0.000000000000  2.0 2.0
    37 C  0.000000000000 22.135609320730  0.000000000000  2.0 2.0
    38 C  2.840000000000 22.135609320730  0.000000000000  2.0 2.0
    39 C  0.710000000000 23.365365320730  0.000000000000  2.0 2.0
    40 C  2.130000000000 23.365365320730  0.000000000000  2.0 2.0
    41 C  0.000000000000 24.595121467478  0.000000000000  2.0 2.0
    42 C  2.840000000000 24.595121467478  0.000000000000  2.0 2.0
    43 C  0.710000000000 25.824877467478  0.000000000000  2.0 2.0
    44 C  2.130000000000 25.824877467478  0.000000000000  2.0 2.0
    45 C  0.000000000000 27.054633614226  0.000000000000  2.0 2.0
    46 C  2.840000000000 27.054633614226  0.000000000000  2.0 2.0
    47 C  0.710000000000 28.284389614226  0.000000000000  2.0 2.0
    48 C  2.130000000000 28.284389614226  0.000000000000  2.0 2.0
    49 C  0.000000000000 29.514145760974  0.000000000000  2.0 2.0
    50 C  2.840000000000 29.514145760974  0.000000000000  2.0 2.0
    51 C  0.710000000000 30.743901760974  0.000000000000  2.0 2.0
    52 C  2.130000000000 30.743901760974  0.000000000000  2.0 2.0
    53 C  0.000000000000 31.973657907722  0.000000000000  2.0 2.0
    54 C  2.840000000000 31.973657907722  0.000000000000  2.0 2.0
    55 C  0.710000000000 33.203413907722  0.000000000000  2.0 2.0
    56 C  2.130000000000 33.203413907722  0.000000000000  2.0 2.0
    57 C  0.000000000000 34.433170054469  0.000000000000  2.0 2.0
    58 C  2.840000000000 34.433170054469  0.000000000000  2.0 2.0
    59 C  0.710000000000 35.662926054469  0.000000000000  2.0 2.0
    60 C  2.130000000000 35.662926054469  0.000000000000  2.0 2.0
    61 C  0.000000000000 36.892682201217  0.000000000000  2.0 2.0
    62 C  2.840000000000 36.892682201217  0.000000000000  2.0 2.0
    63 C  0.710000000000 38.122438201217  0.000000000000  2.0 2.0
    64 C  2.130000000000 38.122438201217  0.000000000000  2.0 2.0
    65 C  4.260000000000  0.000000000000  0.000000000000  2.0 2.0
    66 C  7.100000000000  0.000000000000  0.000000000000  2.0 2.0
    67 C  4.970000000000  1.229756000000  0.000000000000  2.0 2.0
    68 C  6.390000000000  1.229756000000  0.000000000000  2.0 2.0
    69 C  4.260000000000  2.459512146748  0.000000000000  2.0 2.0
    70 C  7.100000000000  2.459512146748  0.000000000000  2.0 2.0
    71 C  4.970000000000  3.689268146748  0.000000000000  2.0 2.0
    72 C  6.390000000000  3.689268146748  0.000000000000  2.0 2.0
    73 C  4.260000000000  4.919024293496  0.000000000000  2.0 2.0
    74 C  7.100000000000  4.919024293496  0.000000000000  2.0 2.0
    75 C  4.970000000000  6.148780293496  0.000000000000  2.0 2.0
    76 C  6.390000000000  6.148780293496  0.000000000000  2.0 2.0
    77 C  4.260000000000  7.378536440243  0.000000000000  2.0 2.0
    78 C  7.100000000000  7.378536440243  0.000000000000  2.0 2.0
    79 C  4.970000000000  8.608292440243  0.000000000000  2.0 2.0
    80 C  6.390000000000  8.608292440243  0.000000000000  2.0 2.0
    81 C  4.260000000000  9.838048586991  0.000000000000  2.0 2.0
    82 C  7.100000000000  9.838048586991  0.000000000000  2.0 2.0
    83 C  4.970000000000 11.067804586991  0.000000000000  2.0 2.0
    84 C  6.390000000000 11.067804586991  0.000000000000  2.0 2.0
    85 C  4.260000000000 12.297560733739  0.000000000000  2.0 2.0
    86 C  7.100000000000 12.297560733739  0.000000000000  2.0 2.0
    87 C  4.970000000000 13.527316733739  0.000000000000  2.0 2.0
    88 C  6.390000000000 13.527316733739  0.000000000000  2.0 2.0
    89 C  4.260000000000 14.757072880487  0.000000000000  2.0 2.0
    90 C  7.100000000000 14.757072880487  0.000000000000  2.0 2.0
    91 C  4.970000000000 15.986828880487  0.000000000000  2.0 2.0
    92 C  6.390000000000 15.986828880487  0.000000000000  2.0 2.0
    93 C  4.260000000000 17.216585027235  0.000000000000  2.0 2.0
    94 C  7.100000000000 17.216585027235  0.000000000000  2.0 2.0
    95 C  4.970000000000 18.446341027235  0.000000000000  2.0 2.0
    96 C  6.390000000000 18.446341027235  0.000000000000  2.0 2.0
    97 C  4.260000000000 19.676097173982  0.000000000000  2.0 2.0
    98 C  7.100000000000 19.676097173982  0.000000000000  2.0 2.0
    99 C  4.970000000000 20.905853173982  0.000000000000  2.0 2.0
   100 C  6.390000000000 20.905853173982  0.000000000000  2.0 2.0
   101 C  4.260000000000 22.135609320730  0.000000000000  2.0 2.0
   102 C  7.100000000000 22.135609320730  0.000000000000  2.0 2.0
   103 C  4.970000000000 23.365365320730  0.000000000000  2.0 2.0
   104 C  6.390000000000 23.365365320730  0.000000000000  2.0 2.0
   105 C  4.260000000000 24.595121467478  0.000000000000  2.0 2.0
   106 C  7.100000000000 24.595121467478  0.000000000000  2.0 2.0
   107 C  4.970000000000 25.824877467478  0.000000000000  2.0 2.0
   108 C  6.390000000000 25.824877467478  0.000000000000  2.0 2.0
   109 C  4.260000000000 27.054633614226  0.000000000000  2.0 2.0
   110 C  7.100000000000 27.054633614226  0.000000000000  2.0 2.0
   111 C  4.970000000000 28.284389614226  0.000000000000  2.0 2.0
   112 C  6.390000000000 28.284389614226  0.000000000000  2.0 2.0
   113 C  4.260000000000 29.514145760974  0.000000000000  2.0 2.0
   114 C  7.100000000000 29.514145760974  0.000000000000  2.0 2.0
   115 C  4.970000000000 30.743901760974  0.000000000000  2.0 2.0
   116 C  6.390000000000 30.743901760974  0.000000000000  2.0 2.0
   117 C  4.260000000000 31.973657907722  0.000000000000  2.0 2.0
   118 C  7.100000000000 31.973657907722  0.000000000000  2.0 2.0
   119 C  4.970000000000 33.203413907722  0.000000000000  2.0 2.0
   120 C  6.390000000000 33.203413907722  0.000000000000  2.0 2.0
   121 C  4.260000000000 34.433170054469  0.000000000000  2.0 2.0
   122 C  7.100000000000 34.433170054469  0.000000000000  2.0 2.0
   123 C  4.970000000000 35.662926054469  0.000000000000  2.0 2.0
   124 C  6.390000000000 35.662926054469  0.000000000000  2.0 2.0
   125 C  4.260000000000 36.892682201217  0.000000000000  2.0 2.0
   126 C  7.100000000000 36.892682201217  0.000000000000  2.0 2.0
   127 C  4.970000000000 38.122438201217  0.000000000000  2.0 2.0
   128 C  6.390000000000 38.122438201217  0.000000000000  2.0 2.0
   129 C  8.520000000000  0.000000000000  0.000000000000  2.0 2.0
   130 C 11.360000000000  0.000000000000  0.000000000000  2.0 2.0
   131 C  9.230000000000  1.229756000000  0.000000000000  2.0 2.0
   132 C 10.650000000000  1.229756000000  0.000000000000  2.0 2.0
   133 C  8.520000000000  2.459512146748  0.000000000000  2.0 2.0
   134 C 11.360000000000  2.459512146748  0.000000000000  2.0 2.0
   135 C  9.230000000000  3.689268146748  0.000000000000  2.0 2.0
   136 C 10.650000000000  3.689268146748  0.000000000000  2.0 2.0
   137 C  8.520000000000  4.919024293496  0.000000000000  2.0 2.0
   138 C 11.360000000000  4.919024293496  0.000000000000  2.0 2.0
   139 C  9.230000000000  6.148780293496  0.000000000000  2.0 2.0
   140 C 10.650000000000  6.148780293496  0.000000000000  2.0 2.0
   141 C  8.520000000000  7.378536440243  0.000000000000  2.0 2.0
   142 C 11.360000000000  7.378536440243  0.000000000000  2.0 2.0
   143 C  9.230000000000  8.608292440243  0.000000000000  2.0 2.0
   144 C 10.650000000000  8.608292440243  0.000000000000  2.0 2.0
   145 C  8.520000000000  9.838048586991  0.000000000000  2.0 2.0
   146 C 11.360000000000  9.838048586991  0.000000000000  2.0 2.0
   147 C  9.230000000000 11.067804586991  0.000000000000  2.0 2.0
   148 C 10.650000000000 11.067804586991  0.000000000000  2.0 2.0
   149 C  8.520000000000 12.297560733739  0.000000000000  2.0 2.0
   150 C 11.360000000000 12.297560733739  0.000000000000  2.0 2.0
   151 C  9.230000000000 13.527316733739  0.000000000000  2.0 2.0
   152 C 10.650000000000 13.527316733739  0.000000000000  2.0 2.0
   153 C  8.520000000000 14.757072880487  0.000000000000  2.0 2.0
   154 C 11.360000000000 14.757072880487  0.000000000000  2.0 2.0
   155 C  9.230000000000 15.986828880487  0.000000000000  2.0 2.0
   156 C 10.650000000000 15.986828880487  0.000000000000  2.0 2.0
   157 C  8.520000000000 17.216585027235  0.000000000000  2.0 2.0
   158 C 11.360000000000 17.216585027235  0.000000000000  2.0 2.0
   159 C  9.230000000000 18.446341027235  0.000000000000  2.0 2.0
   160 C 10.650000000000 18.446341027235  0.000000000000  2.0 2.0
   161 C  8.520000000000 19.676097173982  0.000000000000  2.0 2.0
   162 C 11.360000000000 19.676097173982  0.000000000000  2.0 2.0
   163 C  9.230000000000 20.905853173982  0.000000000000  2.0 2.0
   164 C 10.650000000000 20.905853173982  0.000000000000  2.0 2.0
   165 C  8.520000000000 22.135609320730  0.000000000000  2.0 2.0
   166 C 11.360000000000 22.135609320730  0.000000000000  2.0 2.0
   167 C  9.230000000000 23.365365320730  0.000000000000  2.0 2.0
   168 C 10.650000000000 23.365365320730  0.000000000000  2.0 2.0
   169 C  8.520000000000 24.595121467478  0.000000000000  2.0 2.0
   170 C 11.360000000000 24.595121467478  0.000000000000  2.0 2.0
   171 C  9.230000000000 25.824877467478  0.000000000000  2.0 2.0
   172 C 10.650000000000 25.824877467478  0.000000000000  2.0 2.0
   173 C  8.520000000000 27.054633614226  0.000000000000  2.0 2.0
   174 C 11.360000000000 27.054633614226  0.000000000000  2.0 2.0
   175 C  9.230000000000 28.284389614226  0.000000000000  2.0 2.0
   176 C 10.650000000000 28.284389614226  0.000000000000  2.0 2.0
   177 C  8.520000000000 29.514145760974  0.000000000000  2.0 2.0
   178 C 11.360000000000 29.514145760974  0.000000000000  2.0 2.0
   179 C  9.230000000000 30.743901760974  0.000000000000  2.0 2.0
   180 C 10.650000000000 30.743901760974  0.000000000000  2.0 2.0
   181 C  8.520000000000 31.973657907722  0.000000000000  2.0 2.0
   182 C 11.360000000000 31.973657907722  0.000000000000  2.0 2.0
   183 C  9.230000000000 33.203413907722  0.000000000000  2.0 2.0
   184 C 10.650000000000 33.203413907722  0.000000000000  2.0 2.0
   185 C  8.520000000000 34.433170054469  0.000000000000  2.0 2.0
   186 C 11.360000000000 34.433170054469  0.000000000000  2.0 2.0
   187 C  9.230000000000 35.662926054469  0.000000000000  2.0 2.0
   188 C 10.650000000000 35.662926054469  0.000000000000  2.0 2.0
   189 C  8.520000000000 36.892682201217  0.000000000000  2.0 2.0
   190 C 11.360000000000 36.892682201217  0.000000000000  2.0 2.0
   191 C  9.230000000000 38.122438201217  0.000000000000  2.0 2.0
   192 C 10.650000000000 38.122438201217  0.000000000000  2.0 2.0
   193 C 12.780000000000  0.000000000000  0.000000000000  2.0 2.0
   194 C 15.620000000000  0.000000000000  0.000000000000  2.0 2.0
   195 C 13.490000000000  1.229756000000  0.000000000000  2.0 2.0
   196 C 14.910000000000  1.229756000000  0.000000000000  2.0 2.0
   197 C 12.780000000000  2.459512146748  0.000000000000  2.0 2.0
   198 C 15.620000000000  2.459512146748  0.000000000000  2.0 2.0
   199 C 13.490000000000  3.689268146748  0.000000000000  2.0 2.0
   200 C 14.910000000000  3.689268146748  0.000000000000  2.0 2.0
   201 C 12.780000000000  4.919024293496  0.000000000000  2.0 2.0
   202 C 15.620000000000  4.919024293496  0.000000000000  2.0 2.0
   203 C 13.490000000000  6.148780293496  0.000000000000  2.0 2.0
   204 C 14.910000000000  6.148780293496  0.000000000000  2.0 2.0
   205 C 12.780000000000  7.378536440243  0.000000000000  2.0 2.0
   206 C 15.620000000000  7.378536440243  0.000000000000  2.0 2.0
   207 C 13.490000000000  8.608292440243  0.000000000000  2.0 2.0
   208 C 14.910000000000  8.608292440243  0.000000000000  2.0 2.0
   209 C 12.780000000000  9.838048586991  0.000000000000  2.0 2.0
   210 C 15.620000000000  9.838048586991  0.000000000000  2.0 2.0
   211 C 13.490000000000 11.067804586991  0.000000000000  2.0 2.0
   212 C 14.910000000000 11.067804586991  0.000000000000  2.0 2.0
   213 C 12.780000000000 12.297560733739  0.000000000000  2.0 2.0
   214 C 15.620000000000 12.297560733739  0.000000000000  2.0 2.0
   215 C 13.490000000000 13.527316733739  0.000000000000  2.0 2.0
   216 C 14.910000000000 13.527316733739  0.000000000000  2.0 2.0
   217 C 12.780000000000 14.757072880487  0.000000000000  2.0 2.0
   218 C 15.620000000000 14.757072880487  0.000000000000  2.0 2.0
   219 C 13.490000000000 15.986828880487  0.000000000000  2.0 2.0
   220 C 14.910000000000 15.986828880487  0.000000000000  2.0 2.0
   221 C 12.780000000000 17.216585027235  0.000000000000  2.0 2.0
   222 C 15.620000000000 17.216585027235  0.000000000000  2.0 2.0
   223 C 13.490000000000 18.446341027235  0.000000000000  2.0 2.0
   224 C 14.910000000000 18.446341027235  0.000000000000  2.0 2.0
   225 C 12.780000000000 19.676097173982  0.000000000000  2.0 2.0
   226 C 15.620000000000 19.676097173982  0.000000000000  2.0 2.0
   227 C 13.490000000000 20.905853173982  0.000000000000  2.0 2.0
   228 C 14.910000000000 20.905853173982  0.000000000000  2.0 2.0
   229 C 12.780000000000 22.135609320730  0.000000000000  2.0 2.0
   230 C 15.620000000000 22.135609320730  0.000000000000  2.0 2.0
   231 C 13.490000000000 23.365365320730  0.000000000000  2.0 2.0
   232 C 14.910000000000 23.365365320730  0.000000000000  2.0 2.0
   233 C 12.780000000000 24.595121467478  0.000000000000  2.0 2.0
   234 C 15.620000000000 24.595121467478  0.000000000000  2.0 2.0
   235 C 13.490000000000 25.824877467478  0.000000000000  2.0 2.0
   236 C 14.910000000000 25.824877467478  0.000000000000  2.0 2.0
   237 C 12.780000000000 27.054633614226  0.000000000000  2.0 2.0
   238 C 15.620000000000 27.054633614226  0.000000000000  2.0 2.0
   239 C 13.490000000000 28.284389614226  0.000000000000  2.0 2.0
   240 C 14.910000000000 28.284389614226  0.000000000000  2.0 2.0
   241 C 12.780000000000 29.514145760974  0.000000000000  2.0 2.0
   242 C 15.620000000000 29.514145760974  0.000000000000  2.0 2.0
   243 C 13.490000000000 30.743901760974  0.000000000000  2.0 2.0
   244 C 14.910000000000 30.743901760974  0.000000000000  2.0 2.0
   245 C 12.780000000000 31.973657907722  0.000000000000  2.0 2.0
   246 C 15.620000000000 31.973657907722  0.000000000000  2.0 2.0
   247 C 13.490000000000 33.203413907722  0.000000000000  2.0 2.0
   248 C 14.910000000000 33.203413907722  0.000000000000  2.0 2.0
   249 C 12.780000000000 34.433170054469  0.000000000000  2.0 2.0
   250 C 15.620000000000 34.433170054469  0.000000000000  2.0 2.0
   251 C 13.490000000000 35.662926054469  0.000000000000  2.0 2.0
   252 C 14.910000000000 35.662926054469  0.000000000000  2.0 2.0
   253 C 12.780000000000 36.892682201217  0.000000000000  2.0 2.0
   254 C 15.620000000000 36.892682201217  0.000000000000  2.0 2.0
   255 C 13.490000000000 38.122438201217  0.000000000000  2.0 2.0
   256 C 14.910000000000 38.122438201217  0.000000000000  2.0 2.0
   257 C 17.040000000000  0.000000000000  0.000000000000  2.0 2.0
   258 C 19.880000000000  0.000000000000  0.000000000000  2.0 2.0
   259 C 17.750000000000  1.229756000000  0.000000000000  2.0 2.0
   260 C 19.170000000000  1.229756000000  0.000000000000  2.0 2.0
   261 C 17.040000000000  2.459512146748  0.000000000000  2.0 2.0
   262 C 19.880000000000  2.459512146748  0.000000000000  2.0 2.0
   263 C 17.750000000000  3.689268146748  0.000000000000  2.0 2.0
   264 C 19.170000000000  3.689268146748  0.000000000000  2.0 2.0
   265 C 17.040000000000  4.919024293496  0.000000000000  2.0 2.0
   266 C 19.880000000000  4.919024293496  0.000000000000  2.0 2.0
   267 C 17.750000000000  6.148780293496  0.000000000000  2.0 2.0
   268 C 19.170000000000  6.148780293496  0.000000000000  2.0 2.0
   269 C 17.040000000000  7.378536440243  0.000000000000  2.0 2.0
   270 C 19.880000000000  7.378536440243  0.000000000000  2.0 2.0
   271 C 17.750000000000  8.608292440243  0.000000000000  2.0 2.0
   272 C 19.170000000000  8.608292440243  0.000000000000  2.0 2.0
   273 C 17.040000000000  9.838048586991  0.000000000000  2.0 2.0
   274 C 19.880000000000  9.838048586991  0.000000000000  2.0 2.0
   275 C 17.750000000000 11.067804586991  0.000000000000  2.0 2.0
   276 C 19.170000000000 11.067804586991  0.000000000000  2.0 2.0
   277 C 17.040000000000 12.297560733739  0.000000000000  2.0 2.0
   278 C 19.880000000000 12.297560733739  0.000000000000  2.0 2.0
   279 C 17.750000000000 13.527316733739  0.000000000000  2.0 2.0
   280 C 19.170000000000 13.527316733739  0.000000000000  2.0 2.0
   281 C 17.040000000000 14.757072880487  0.000000000000  2.0 2.0
   282 C 19.880000000000 14.757072880487  0.000000000000  2.0 2.0
   283 C 17.750000000000 15.986828880487  0.000000000000  2.0 2.0
   284 C 19.170000000000 15.986828880487  0.000000000000  2.0 2.0
   285 C 17.040000000000 17.216585027235  0.000000000000  2.0 2.0
   286 C 19.880000000000 17.216585027235  0.000000000000  2.0 2.0
   287 C 17.750000000000 18.446341027235  0.000000000000  2.0 2.0
   288 C 19.170000000000 18.446341027235  0.000000000000  2.0 2.0
   289 C 17.040000000000 19.676097173982  0.000000000000  2.0 2.0
   290 C 19.880000000000 19.676097173982  0.000000000000  2.0 2.0
   291 C 17.750000000000 20.905853173982  0.000000000000  2.0 2.0
   292 C 19.170000000000 20.905853173982  0.000000000000  2.0 2.0
   293 C 17.040000000000 22.135609320730  0.000000000000  2.0 2.0
   294 C 19.880000000000 22.135609320730  0.000000000000  2.0 2.0
   295 C 17.750000000000 23.365365320730  0.000000000000  2.0 2.0
   296 C 19.170000000000 23.365365320730  0.000000000000  2.0 2.0
   297 C 17.040000000000 24.595121467478  0.000000000000  2.0 2.0
   298 C 19.880000000000 24.595121467478  0.000000000000  2.0 2.0
   299 C 17.750000000000 25.824877467478  0.000000000000  2.0 2.0
   300 C 19.170000000000 25.824877467478  0.000000000000  2.0 2.0
   301 C 17.040000000000 27.054633614226  0.000000000000  2.0 2.0
   302 C 19.880000000000 27.054633614226  0.000000000000  2.0 2.0
   303 C 17.750000000000 28.284389614226  0.000000000000  2.0 2.0
   304 C 19.170000000000 28.284389614226  0.000000000000  2.0 2.0
   305 C 17.040000000000 29.514145760974  0.000000000000  2.0 2.0
   306 C 19.880000000000 29.514145760974  0.000000000000  2.0 2.0
   307 C 17.750000000000 30.743901760974  0.000000000000  2.0 2.0
   308 C 19.170000000000 30.743901760974  0.000000000000  2.0 2.0
   309 C 17.040000000000 31.973657907722  0.000000000000  2.0 2.0
   310 C 19.880000000000 31.973657907722  0.000000000000  2.0 2.0
   311 C 17.750000000000 33.203413907722  0.000000000000  2.0 2.0
   312 C 19.170000000000 33.203413907722  0.000000000000  2.0 2.0
   313 C 17.040000000000 34.433170054469  0.000000000000  2.0 2.0
   314 C 19.880000000000 34.433170054469  0.000000000000  2.0 2.0
   315 C 17.750000000000 35.662926054469  0.000000000000  2.0 2.0
   316 C 19.170000000000 35.662926054469  0.000000000000  2.0 2.0
   317 C 17.040000000000 36.892682201217  0.000000000000  2.0 2.0
   318 C 19.880000000000 36.892682201217  0.000000000000  2.0 2.0
   319 C 17.750000000000 38.122438201217  0.000000000000  2.0 2.0
   320 C 19.170000000000 38.122438201217  0.000000000000  2.0 2.0
   321 C 21.300000000000  0.000000000000  0.000000000000  2.0 2.0
   322 C 24.140000000000  0.000000000000  0.000000000000  2.0 2.0
   323 C 22.010000000000  1.229756000000  0.000000000000  2.0 2.0
   324 C 23.430000000000  1.229756000000  0.000000000000  2.0 2.0
   325 C 21.300000000000  2.459512146748  0.000000000000  2.0 2.0
   326 C 24.140000000000  2.459512146748  0.000000000000  2.0 2.0
   327 C 22.010000000000  3.689268146748  0.000000000000  2.0 2.0
   328 C 23.430000000000  3.689268146748  0.000000000000  2.0 2.0
   329 C 21.300000000000  4.919024293496  0.000000000000  2.0 2.0
   330 C 24.140000000000  4.919024293496  0.000000000000  2.0 2.0
   331 C 22.010000000000  6.148780293496  0.000000000000  2.0 2.0
   332 C 23.430000000000  6.148780293496  0.000000000000  2.0 2.0
   333 C 21.300000000000  7.378536440243  0.000000000000  2.0 2.0
   334 C 24.140000000000  7.378536440243  0.000000000000  2.0 2.0
   335 C 22.010000000000  8.608292440243  0.000000000000  2.0 2.0
   336 C 23.430000000000  8.608292440243  0.000000000000  2.0 2.0
   337 C 21.300000000000  9.838048586991  0.000000000000  2.0 2.0
   338 C 24.140000000000  9.838048586991  0.000000000000  2.0 2.0
   339 C 22.010000000000 11.067804586991  0.000000000000  2.0 2.0
   340 C 23.430000000000 11.067804586991  0.000000000000  2.0 2.0
   341 C 21.300000000000 12.297560733739  0.000000000000  2.0 2.0
   342 C 24.140000000000 12.297560733739  0.000000000000  2.0 2.0
   343 C 22.010000000000 13.527316733739  0.000000000000  2.0 2.0
   344 C 23.430000000000 13.527316733739  0.000000000000  2.0 2.0
   345 C 21.300000000000 14.757072880487  0.000000000000  2.0 2.0
   346 C 24.140000000000 14.757072880487  0.000000000000  2.0 2.0
   347 C 22.010000000000 15.986828880487  0.000000000000  2.0 2.0
   348 C 23.430000000000 15.986828880487  0.000000000000  2.0 2.0
   349 C 21.300000000000 17.216585027235  0.000000000000  2.0 2.0
   350 C 24.140000000000 17.216585027235  0.000000000000  2.0 2.0
   351 C 22.010000000000 18.446341027235  0.000000000000  2.0 2.0
   352 C 23.430000000000 18.446341027235  0.000000000000  2.0 2.0
   353 C 21.300000000000 19.676097173982  0.000000000000  2.0 2.0
   354 C 24.140000000000 19.676097173982  0.000000000000  2.0 2.0
   355 C 22.010000000000 20.905853173982  0.000000000000  2.0 2.0
   356 C 23.430000000000 20.905853173982  0.000000000000  2.0 2.0
   357 C 21.300000000000 22.135609320730  0.000000000000  2.0 2.0
   358 C 24.140000000000 22.135609320730  0.000000000000  2.0 2.0
   359 C 22.010000000000 23.365365320730  0.000000000000  2.0 2.0
   360 C 23.430000000000 23.365365320730  0.000000000000  2.0 2.0
   361 C 21.300000000000 24.595121467478  0.000000000000  2.0 2.0
   362 C 24.140000000000 24.595121467478  0.000000000000  2.0 2.0
   363 C 22.010000000000 25.824877467478  0.000000000000  2.0 2.0
   364 C 23.430000000000 25.824877467478  0.000000000000  2.0 2.0
   365 C 21.300000000000 27.054633614226  0.000000000000  2.0 2.0
   366 C 24.140000000000 27.054633614226  0.000000000000  2.0 2.0
   367 C 22.010000000000 28.284389614226  0.000000000000  2.0 2.0
   368 C 23.430000000000 28.284389614226  0.000000000000  2.0 2.0
   369 C 21.300000000000 29.514145760974  0.000000000000  2.0 2.0
   370 C 24.140000000000 29.514145760974  0.000000000000  2.0 2.0
   371 C 22.010000000000 30.743901760974  0.000000000000  2.0 2.0
   372 C 23.430000000000 30.743901760974  0.000000000000  2.0 2.0
   373 C 21.300000000000 31.973657907722  0.000000000000  2.0 2.0
   374 C 24.140000000000 31.973657907722  0.000000000000  2.0 2.0
   375 C 22.010000000000 33.203413907722  0.000000000000  2.0 2.0
   376 C 23.430000000000 33.203413907722  0.000000000000  2.0 2.0
   377 C 21.300000000000 34.433170054469  0.000000000000  2.0 2.0
   378 C 24.140000000000 34.433170054469  0.000000000000  2.0 2.0
   379 C 22.010000000000 35.662926054469  0.000000000000  2.0 2.0
   380 C 23.430000000000 35.662926054469  0.000000000000  2.0 2.0
   381 C 21.300000000000 36.892682201217  0.000000000000  2.0 2.0
   382 C 24.140000000000 36.892682201217  0.000000000000  2.0 2.0
   383 C 22.010000000000 38.122438201217  0.000000000000  2.0 2.0
   384 C 23.430000000000 38.122438201217  0.000000000000  2.0 2.0
   385 C 25.560000000000  0.000000000000  0.000000000000  2.0 2.0
   386 C 28.400000000000  0.000000000000  0.000000000000  2.0 2.0
   387 C 26.270000000000  1.229756000000  0.000000000000  2.0 2.0
   388 C 27.690000000000  1.229756000000  0.000000000000  2.0 2.0
   389 C 25.560000000000  2.459512146748  0.000000000000  2.0 2.0
   390 C 28.400000000000  2.459512146748  0.000000000000  2.0 2.0
   391 C 26.270000000000  3.689268146748  0.000000000000  2.0 2.0
   392 C 27.690000000000  3.689268146748  0.000000000000  2.0 2.0
   393 C 25.560000000000  4.919024293496  0.000000000000  2.0 2.0
   394 C 28.400000000000  4.919024293496  0.000000000000  2.0 2.0
   395 C 26.270000000000  6.148780293496  0.000000000000  2.0 2.0
   396 C 27.690000000000  6.148780293496  0.000000000000  2.0 2.0
   397 C 25.560000000000  7.378536440243  0.000000000000  2.0 2.0
   398 C 28.400000000000  7.378536440243  0.000000000000  2.0 2.0
   399 C 26.270000000000  8.608292440243  0.000000000000  2.0 2.0
   400 C 27.690000000000  8.608292440243  0.000000000000  2.0 2.0
   401 C 25.560000000000  9.838048586991  0.000000000000  2.0 2.0
   402 C 28.400000000000  9.838048586991  0.000000000000  2.0 2.0
   403 C 26.270000000000 11.067804586991  0.000000000000  2.0 2.0
   404 C 27.690000000000 11.067804586991  0.000000000000  2.0 2.0
   405 C 25.560000000000 12.297560733739  0.000000000000  2.0 2.0
   406 C 28.400000000000 12.297560733739  0.000000000000  2.0 2.0
   407 C 26.270000000000 13.527316733739  0.000000000000  2.0 2.0
   408 C 27.690000000000 13.527316733739  0.000000000000  2.0 2.0
   409 C 25.560000000000 14.757072880487  0.000000000000  2.0 2.0
   410 C 28.400000000000 14.757072880487  0.000000000000  2.0 2.0
   411 C 26.270000000000 15.986828880487  0.000000000000  2.0 2.0
   412 C 27.690000000000 15.986828880487  0.000000000000  2.0 2.0
   413 C 25.560000000000 17.216585027235  0.000000000000  2.0 2.0
   414 C 28.400000000000 17.216585027235  0.000000000000  2.0 2.0
   415 C 26.270000000000 18.446341027235  0.000000000000  2.0 2.0
   416 C 27.690000000000 18.446341027235  0.000000000000  2.0 2.0
   417 C 25.560000000000 19.676097173982  0.000000000000  2.0 2.0
   418 C 28.400000000000 19.676097173982  0.000000000000  2.0 2.0
   419 C 26.270000000000 20.905853173982  0.000000000000  2.0 2.0
   420 C 27.690000000000 20.905853173982  0.000000000000  2.0 2.0
   421 C 25.560000000000 22.135609320730  0.000000000000  2.0 2.0
   422 C 28.400000000000 22.135609320730  0.000000000000  2.0 2.0
   423 C 26.270000000000 23.365365320730  0.000000000000  2.0 2.0
   424 C 27.690000000000 23.365365320730  0.000000000000  2.0 2.0
   425 C 25.560000000000 24.595121467478  0.000000000000  2.0 2.0
   426 C 28.400000000000 24.595121467478  0.000000000000  2.0 2.0
   427 C 26.270000000000 25.824877467478  0.000000000000  2.0 2.0
   428 C 27.690000000000 25.824877467478  0.000000000000  2.0 2.0
   429 C 25.560000000000 27.054633614226  0.000000000000  2.0 2.0
   430 C 28.400000000000 27.054633614226  0.000000000000  2.0 2.0
   431 C 26.270000000000 28.284389614226  0.000000000000  2.0 2.0
   432 C 27.690000000000 28.284389614226  0.000000000000  2.0 2.0
   433 C 25.560000000000 29.514145760974  0.000000000000  2.0 2.0
   434 C 28.400000000000 29.514145760974  0.000000000000  2.0 2.0
   435 C 26.270000000000 30.743901760974  0.000000000000  2.0 2.0
   436 C 27.690000000000 30.743901760974  0.000000000000  2.0 2.0
   437 C 25.560000000000 31.973657907722  0.000000000000  2.0 2.0
   438 C 28.400000000000 31.973657907722  0.000000000000  2.0 2.0
   439 C 26.270000000000 33.203413907722  0.000000000000  2.0 2.0
   440 C 27.690000000000 33.203413907722  0.000000000000  2.0 2.0
   441 C 25.560000000000 34.433170054469  0.000000000000  2.0 2.0
   442 C 28.400000000000 34.433170054469  0.000000000000  2.0 2.0
   443 C 26.270000000000 35.662926054469  0.000000000000  2.0 2.0
   444 C 27.690000000000 35.662926054469  0.000000000000  2.0 2.0
   445 C 25.560000000000 36.892682201217  0.000000000000  2.0 2.0
   446 C 28.400000000000 36.892682201217  0.000000000000  2.0 2.0
   447 C 26.270000000000 38.122438201217  0.000000000000  2.0 2.0
   448 C 27.690000000000 38.122438201217  0.000000000000  2.0 2.0
   449 C 29.820000000000  0.000000000000  0.000000000000  2.0 2.0
   450 C 32.660000000000  0.000000000000  0.000000000000  2.0 2.0
   451 C 30.530000000000  1.229756000000  0.000000000000  2.0 2.0
   452 C 31.950000000000  1.229756000000  0.000000000000  2.0 2.0
   453 C 29.820000000000  2.459512146748  0.000000000000  2.0 2.0
   454 C 32.660000000000  2.459512146748  0.000000000000  2.0 2.0
   455 C 30.530000000000  3.689268146748  0.000000000000  2.0 2.0
   456 C 31.950000000000  3.689268146748  0.000000000000  2.0 2.0
   457 C 29.820000000000  4.919024293496  0.000000000000  2.0 2.0
   458 C 32.660000000000  4.919024293496  0.000000000000  2.0 2.0
   459 C 30.530000000000  6.148780293496  0.000000000000  2.0 2.0
   460 C 31.950000000000  6.148780293496  0.000000000000  2.0 2.0
   461 C 29.820000000000  7.378536440243  0.000000000000  2.0 2.0
   462 C 32.660000000000  7.378536440243  0.000000000000  2.0 2.0
   463 C 30.530000000000  8.608292440243  0.000000000000  2.0 2.0
   464 C 31.950000000000  8.608292440243  0.000000000000  2.0 2.0
   465 C 29.820000000000  9.838048586991  0.000000000000  2.0 2.0
   466 C 32.660000000000  9.838048586991  0.000000000000  2.0 2.0
   467 C 30.530000000000 11.067804586991  0.000000000000  2.0 2.0
   468 C 31.950000000000 11.067804586991  0.000000000000  2.0 2.0
   469 C 29.820000000000 12.297560733739  0.000000000000  2.0 2.0
   470 C 32.660000000000 12.297560733739  0.000000000000  2.0 2.0
   471 C 30.530000000000 13.527316733739  0.000000000000  2.0 2.0
   472 C 31.950000000000 13.527316733739  0.000000000000  2.0 2.0
   473 C 29.820000000000 14.757072880487  0.000000000000  2.0 2.0
   474 C 32.660000000000 14.757072880487  0.000000000000  2.0 2.0
   475 C 30.530000000000 15.986828880487  0.000000000000  2.0 2.0
   476 C 31.950000000000 15.986828880487  0.000000000000  2.0 2.0
   477 C 29.820000000000 17.216585027235  0.000000000000  2.0 2.0
   478 C 32.660000000000 17.216585027235  0.000000000000  2.0 2.0
   479 C 30.530000000000 18.446341027235  0.000000000000  2.0 2.0
   480 C 31.950000000000 18.446341027235  0.000000000000  2.0 2.0
   481 C 29.820000000000 19.676097173982  0.000000000000  2.0 2.0
   482 C 32.660000000000 19.676097173982  0.000000000000  2.0 2.0
   483 C 30.530000000000 20.905853173982  0.000000000000  2.0 2.0
   484 C 31.950000000000 20.905853173982  0.000000000000  2.0 2.0
   485 C 29.820000000000 22.135609320730  0.000000000000  2.0 2.0
   486 C 32.660000000000 22.135609320730  0.000000000000  2.0 2.0
   487 C 30.530000000000 23.365365320730  0.000000000000  2.0 2.0
   488 C 31.950000000000 23.365365320730  0.000000000000  2.0 2.0
   489 C 29.820000000000 24.595121467478  0.000000000000  2.0 2.0
   490 C 32.660000000000 24.595121467478  0.000000000000  2.0 2.0
   491 C 30.530000000000 25.824877467478  0.000000000000  2.0 2.0
   492 C 31.950000000000 25.824877467478  0.000000000000  2.0 2.0
   493 C 29.820000000000 27.054633614226  0.000000000000  2.0 2.0
   494 C 32.660000000000 27.054633614226  0.000000000000  2.0 2.0
   495 C 30.530000000000 28.284389614226  0.000000000000  2.0 2.0
   496 C 31.950000000000 28.284389614226  0.000000000000  2.0 2.0
   497 C 29.820000000000 29.514145760974  0.000000000000  2.0 2.0
   498 C 32.660000000000 29.514145760974  0.000000000000  2.0 2.0
   499 C 30.530000000000 30.743901760974  0.000000000000  2.0 2.0
   500 C 31.950000000000 30.743901760974  0.000000000000  2.0 2.0
   501 C 29.820000000000 31.973657907722  0.000000000000  2.0 2.0
   502 C 32.660000000000 31.973657907722  0.000000000000  2.0 2.0
   503 C 30.530000000000 33.203413907722  0.000000000000  2.0 2.0
   504 C 31.950000000000 33.203413907722  0.000000000000  2.0 2.0
   505 C 29.820000000000 34.433170054469  0.000000000000  2.0 2.0
   506 C 32.660000000000 34.433170054469  0.000000000000  2.0 2.0
   507 C 30.530000000000 35.662926054469  0.000000000000  2.0 2.0
   508 C 31.950000000000 35.662926054469  0.000000000000  2.0 2.0
   509 C 29.820000000000 36.892682201217  0.000000000000  2.0 2.0
   510 C 32.660000000000 36.892682201217  0.000000000000  2.0 2.0
   511 C 30.530000000000 38.122438201217  0.000000000000  2.0 2.0
   512 C 31.950000000000 38.122438201217  0.000000000000  2.0 2.0
   513 C 34.080000000000  0.000000000000  0.000000000000  2.0 2.0
   514 C 36.920000000000  0.000000000000  0.000000000000  2.0 2.0
   515 C 34.790000000000  1.229756000000  0.000000000000  2.0 2.0
   516 C 36.210000000000  1.229756000000  0.000000000000  2.0 2.0
   517 C 34.080000000000  2.459512146748  0.000000000000  2.0 2.0
   518 C 36.920000000000  2.459512146748  0.000000000000  2.0 2.0
   519 C 34.790000000000  3.689268146748  0.000000000000  2.0 2.0
   520 C 36.210000000000  3.689268146748  0.000000000000  2.0 2.0
   521 C 34.080000000000  4.919024293496  0.000000000000  2.0 2.0
   522 C 36.920000000000  4.919024293496  0.000000000000  2.0 2.0
   523 C 34.790000000000  6.148780293496  0.000000000000  2.0 2.0
   524 C 36.210000000000  6.148780293496  0.000000000000  2.0 2.0
   525 C 34.080000000000  7.378536440243  0.000000000000  2.0 2.0
   526 C 36.920000000000  7.378536440243  0.000000000000  2.0 2.0
   527 C 34.790000000000  8.608292440243  0.000000000000  2.0 2.0
   528 C 36.210000000000  8.608292440243  0.000000000000  2.0 2.0
   529 C 34.080000000000  9.838048586991  0.000000000000  2.0 2.0
   530 C 36.920000000000  9.838048586991  0.000000000000  2.0 2.0
   531 C 34.790000000000 11.067804586991  0.000000000000  2.0 2.0
   532 C 36.210000000000 11.067804586991  0.000000000000  2.0 2.0
   533 C 34.080000000000 12.297560733739  0.000000000000  2.0 2.0
   534 C 36.920000000000 12.297560733739  0.000000000000  2.0 2.0
   535 C 34.790000000000 13.527316733739  0.000000000000  2.0 2.0
   536 C 36.210000000000 13.527316733739  0.000000000000  2.0 2.0
   537 C 34.080000000000 14.757072880487  0.000000000000  2.0 2.0
   538 C 36.920000000000 14.757072880487  0.000000000000  2.0 2.0
   539 C 34.790000000000 15.986828880487  0.000000000000  2.0 2.0
   540 C 36.210000000000 15.986828880487  0.000000000000  2.0 2.0
   541 C 34.080000000000 17.216585027235  0.000000000000  2.0 2.0
   542 C 36.920000000000 17.216585027235  0.000000000000  2.0 2.0
   543 C 34.790000000000 18.446341027235  0.000000000000  2.0 2.0
   544 C 36.210000000000 18.446341027235  0.000000000000  2.0 2.0
   545 C 34.080000000000 19.676097173982  0.000000000000  2.0 2.0
   546 C 36.920000000000 19.676097173982  0.000000000000  2.0 2.0
   547 C 34.790000000000 20.905853173982  0.000000000000  2.0 2.0
   548 C 36.210000000000 20.905853173982  0.000000000000  2.0 2.0
   549 C 34.080000000000 22.135609320730  0.000000000000  2.0 2.0
   550 C 36.920000000000 22.135609320730  0.000000000000  2.0 2.0
   551 C 34.790000000000 23.365365320730  0.000000000000  2.0 2.0
   552 C 36.210000000000 23.365365320730  0.000000000000  2.0 2.0
   553 C 34.080000000000 24.595121467478  0.000000000000  2.0 2.0
   554 C 36.920000000000 24.595121467478  0.000000000000  2.0 2.0
   555 C 34.790000000000 25.824877467478  0.000000000000  2.0 2.0
   556 C 36.210000000000 25.824877467478  0.000000000000  2.0 2.0
   557 C 34.080000000000 27.054633614226  0.000000000000  2.0 2.0
   558 C 36.920000000000 27.054633614226  0.000000000000  2.0 2.0
   559 C 34.790000000000 28.284389614226  0.000000000000  2.0 2.0
   560 C 36.210000000000 28.284389614226  0.000000000000  2.0 2.0
   561 C 34.080000000000 29.514145760974  0.000000000000  2.0 2.0
   562 C 36.920000000000 29.514145760974  0.000000000000  2.0 2.0
   563 C 34.790000000000 30.743901760974  0.000000000000  2.0 2.0
   564 C 36.210000000000 30.743901760974  0.000000000000  2.0 2.0
   565 C 34.080000000000 31.973657907722  0.000000000000  2.0 2.0
   566 C 36.920000000000 31.973657907722  0.000000000000  2.0 2.0
   567 C 34.790000000000 33.203413907722  0.000000000000  2.0 2.0
   568 C 36.210000000000 33.203413907722  0.000000000000  2.0 2.0
   569 C 34.080000000000 34.433170054469  0.000000000000  2.0 2.0
   570 C 36.920000000000 34.433170054469  0.000000000000  2.0 2.0
   571 C 34.790000000000 35.662926054469  0.000000000000  2.0 2.0
   572 C 36.210000000000 35.662926054469  0.000000000000  2.0 2.0
   573 C 34.080000000000 36.892682201217  0.000000000000  2.0 2.0
   574 C 36.920000000000 36.892682201217  0.000000000000  2.0 2.0
   575 C 34.790000000000 38.122438201217  0.000000000000  2.0 2.0
   576 C 36.210000000000 38.122438201217  0.000000000000  2.0 2.0
   577 C 38.340000000000  0.000000000000  0.000000000000  2.0 2.0
   578 C 41.180000000000  0.000000000000  0.000000000000  2.0 2.0
   579 C 39.050000000000  1.229756000000  0.000000000000  2.0 2.0
   580 C 40.470000000000  1.229756000000  0.000000000000  2.0 2.0
   581 C 38.340000000000  2.459512146748  0.000000000000  2.0 2.0
   582 C 41.180000000000  2.459512146748  0.000000000000  2.0 2.0
   583 C 39.050000000000  3.689268146748  0.000000000000  2.0 2.0
   584 C 40.470000000000  3.689268146748  0.000000000000  2.0 2.0
   585 C 38.340000000000  4.919024293496  0.000000000000  2.0 2.0
   586 C 41.180000000000  4.919024293496  0.000000000000  2.0 2.0
   587 C 39.050000000000  6.148780293496  0.000000000000  2.0 2.0
   588 C 40.470000000000  6.148780293496  0.000000000000  2.0 2.0
   589 C 38.340000000000  7.378536440243  0.000000000000  2.0 2.0
   590 C 41.180000000000  7.378536440243  0.000000000000  2.0 2.0
   591 C 39.050000000000  8.608292440243  0.000000000000  2.0 2.0
   592 C 40.470000000000  8.608292440243  0.000000000000  2.0 2.0
   593 C 38.340000000000  9.838048586991  0.000000000000  2.0 2.0
   594 C 41.180000000000  9.838048586991  0.000000000000  2.0 2.0
   595 C 39.050000000000 11.067804586991  0.000000000000  2.0 2.0
   596 C 40.470000000000 11.067804586991  0.000000000000  2.0 2.0
   597 C 38.340000000000 12.297560733739  0.000000000000  2.0 2.0
   598 C 41.180000000000 12.297560733739  0.000000000000  2.0 2.0
   599 C 39.050000000000 13.527316733739  0.000000000000  2.0 2.0
   600 C 40.470000000000 13.527316733739  0.000000000000  2.0 2.0
   601 C 38.340000000000 14.757072880487  0.000000000000  2.0 2.0
   602 C 41.180000000000 14.757072880487  0.000000000000  2.0 2.0
   603 C 39.050000000000 15.986828880487  0.000000000000  2.0 2.0
   604 C 40.470000000000 15.986828880487  0.000000000000  2.0 2.0
   605 C 38.340000000000 17.216585027235  0.000000000000  2.0 2.0
   606 C 41.180000000000 17.216585027235  0.000000000000  2.0 2.0
   607 C 39.050000000000 18.446341027235  0.000000000000  2.0 2.0
   608 C 40.470000000000 18.446341027235  0.000000000000  2.0 2.0
   609 C 38.340000000000 19.676097173982  0.000000000000  2.0 2.0
   610 C 41.180000000000 19.676097173982  0.000000000000  2.0 2.0
   611 C 39.050000000000 20.905853173982  0.000000000000  2.0 2.0
   612 C 40.470000000000 20.905853173982  0.000000000000  2.0 2.0
   613 C 38.340000000000 22.135609320730  0.000000000000  2.0 2.0
   614 C 41.180000000000 22.135609320730  0.000000000000  2.0 2.0
   615 C 39.050000000000 23.365365320730  0.000000000000  2.0 2.0
   616 C 40.470000000000 23.365365320730  0.000000000000  2.0 2.0
   617 C 38.340000000000 24.595121467478  0.000000000000  2.0 2.0
   618 C 41.180000000000 24.595121467478  0.000000000000  2.0 2.0
   619 C 39.050000000000 25.824877467478  0.000000000000  2.0 2.0
   620 C 40.470000000000 25.824877467478  0.000000000000  2.0 2.0
   621 C 38.340000000000 27.054633614226  0.000000000000  2.0 2.0
   622 C 41.180000000000 27.054633614226  0.000000000000  2.0 2.0
   623 C 39.050000000000 28.284389614226  0.000000000000  2.0 2.0
   624 C 40.470000000000 28.284389614226  0.000000000000  2.0 2.0
   625 C 38.340000000000 29.514145760974  0.000000000000  2.0 2.0
   626 C 41.180000000000 29.514145760974  0.000000000000  2.0 2.0
   627 C 39.050000000000 30.743901760974  0.000000000000  2.0 2.0
   628 C 40.470000000000 30.743901760974  0.000000000000  2.0 2.0
   629 C 38.340000000000 31.973657907722  0.000000000000  2.0 2.0
   630 C 41.180000000000 31.973657907722  0.000000000000  2.0 2.0
   631 C 39.050000000000 33.203413907722  0.000000000000  2.0 2.0
   632 C 40.470000000000 33.203413907722  0.000000000000  2.0 2.0
   633 C 38.340000000000 34.433170054469  0.000000000000  2.0 2.0
   634 C 41.180000000000 34.433170054469  0.000000000000  2.0 2.0
   635 C 39.050000000000 35.662926054469  0.000000000000  2.0 2.0
   636 C 40.470000000000 35.662926054469  0.000000000000  2.0 2.0
   637 C 38.340000000000 36.892682201217  0.000000000000  2.0 2.0
   638 C 41.180000000000 36.892682201217  0.000000000000  2.0 2.0
   639 C 39.050000000000 38.122438201217  0.000000000000  2.0 2.0
   640 C 40.470000000000 38.122438201217  0.000000000000  2.0 2.0
   641 C 42.600000000000  0.000000000000  0.000000000000  2.0 2.0
   642 C 45.440000000000  0.000000000000  0.000000000000  2.0 2.0
   643 C 43.310000000000  1.229756000000  0.000000000000  2.0 2.0
   644 C 44.730000000000  1.229756000000  0.000000000000  2.0 2.0
   645 C 42.600000000000  2.459512146748  0.000000000000  2.0 2.0
   646 C 45.440000000000  2.459512146748  0.000000000000  2.0 2.0
   647 C 43.310000000000  3.689268146748  0.000000000000  2.0 2.0
   648 C 44.730000000000  3.689268146748  0.000000000000  2.0 2.0
   649 C 42.600000000000  4.919024293496  0.000000000000  2.0 2.0
   650 C 45.440000000000  4.919024293496  0.000000000000  2.0 2.0
   651 C 43.310000000000  6.148780293496  0.000000000000  2.0 2.0
   652 C 44.730000000000  6.148780293496  0.000000000000  2.0 2.0
   653 C 42.600000000000  7.378536440243  0.000000000000  2.0 2.0
   654 C 45.440000000000  7.378536440243  0.000000000000  2.0 2.0
   655 C 43.310000000000  8.608292440243  0.000000000000  2.0 2.0
   656 C 44.730000000000  8.608292440243  0.000000000000  2.0 2.0
   657 C 42.600000000000  9.838048586991  0.000000000000  2.0 2.0
   658 C 45.440000000000  9.838048586991  0.000000000000  2.0 2.0
   659 C 43.310000000000 11.067804586991  0.000000000000  2.0 2.0
   660 C 44.730000000000 11.067804586991  0.000000000000  2.0 2.0
   661 C 42.600000000000 12.297560733739  0.000000000000  2.0 2.0
   662 C 45.440000000000 12.297560733739  0.000000000000  2.0 2.0
   663 C 43.310000000000 13.527316733739  0.000000000000  2.0 2.0
   664 C 44.730000000000 13.527316733739  0.000000000000  2.0 2.0
   665 C 42.600000000000 14.757072880487  0.000000000000  2.0 2.0
   666 C 45.440000000000 14.757072880487  0.000000000000  2.0 2.0
   667 C 43.310000000000 15.986828880487  0.000000000000  2.0 2.0
   668 C 44.730000000000 15.986828880487  0.000000000000  2.0 2.0
   669 C 42.600000000000 17.216585027235  0.000000000000  2.0 2.0
   670 C 45.440000000000 17.216585027235  0.000000000000  2.0 2.0
   671 C 43.310000000000 18.446341027235  0.000000000000  2.0 2.0
   672 C 44.730000000000 18.446341027235  0.000000000000  2.0 2.0
   673 C 42.600000000000 19.676097173982  0.000000000000  2.0 2.0
   674 C 45.440000000000 19.676097173982  0.000000000000  2.0 2.0
   675 C 43.310000000000 20.905853173982  0.000000000000  2.0 2.0
   676 C 44.730000000000 20.905853173982  0.000000000000  2.0 2.0
   677 C 42.600000000000 22.135609320730  0.000000000000  2.0 2.0
   678 C 45.440000000000 22.135609320730  0.000000000000  2.0 2.0
   679 C 43.310000000000 23.365365320730  0.000000000000  2.0 2.0
   680 C 44.730000000000 23.365365320730  0.000000000000  2.0 2.0
   681 C 42.600000000000 24.595121467478  0.000000000000  2.0 2.0
   682 C 45.440000000000 24.595121467478  0.000000000000  2.0 2.0
   683 C 43.310000000000 25.824877467478  0.000000000000  2.0 2.0
   684 C 44.730000000000 25.824877467478  0.000000000000  2.0 2.0
   685 C 42.600000000000 27.054633614226  0.000000000000  2.0 2.0
   686 C 45.440000000000 27.054633614226  0.000000000000  2.0 2.0
   687 C 43.310000000000 28.284389614226  0.000000000000  2.0 2.0
   688 C 44.730000000000 28.284389614226  0.000000000000  2.0 2.0
   689 C 42.600000000000 29.514145760974  0.000000000000  2.0 2.0
   690 C 45.440000000000 29.514145760974  0.000000000000  2.0 2.0
   691 C 43.310000000000 30.743901760974  0.000000000000  2.0 2.0
   692 C 44.730000000000 30.743901760974  0.000000000000  2.0 2.0
   693 C 42.600000000000 31.973657907722  0.000000000000  2.0 2.0
   694 C 45.440000000000 31.973657907722  0.000000000000  2.0 2.0
   695 C 43.310000000000 33.203413907722  0.000000000000  2.0 2.0
   696 C 44.730000000000 33.203413907722  0.000000000000  2.0 2.0
   697 C 42.600000000000 34.433170054469  0.000000000000  2.0 2.0
   698 C 45.440000000000 34.433170054469  0.000000000000  2.0 2.0
   699 C 43.310000000000 35.662926054469  0.000000000000  2.0 2.0
   700 C 44.730000000000 35.662926054469  0.000000000000  2.0 2.0
   701 C 42.600000000000 36.892682201217  0.000000000000  2.0 2.0
   702 C 45.440000000000 36.892682201217  0.000000000000  2.0 2.0
   703 C 43.310000000000 38.122438201217  0.000000000000  2.0 2.0
   704 C 44.730000000000 38.122438201217  0.000000000000  2.0 2.0
   705 C 46.860000000000  0.000000000000  0.000000000000  2.0 2.0
   706 C 49.700000000000  0.000000000000  0.000000000000  2.0 2.0
   707 C 47.570000000000  1.229756000000  0.000000000000  2.0 2.0
   708 C 48.990000000000  1.229756000000  0.000000000000  2.0 2.0
   709 C 46.860000000000  2.459512146748  0.000000000000  2.0 2.0
   710 C 49.700000000000  2.459512146748  0.000000000000  2.0 2.0
   711 C 47.570000000000  3.689268146748  0.000000000000  2.0 2.0
   712 C 48.990000000000  3.689268146748  0.000000000000  2.0 2.0
   713 C 46.860000000000  4.919024293496  0.000000000000  2.0 2.0
   714 C 49.700000000000  4.919024293496  0.000000000000  2.0 2.0
   715 C 47.570000000000  6.148780293496  0.000000000000  2.0 2.0
   716 C 48.990000000000  6.148780293496  0.000000000000  2.0 2.0
   717 C 46.860000000000  7.378536440243  0.000000000000  2.0 2.0
   718 C 49.700000000000  7.378536440243  0.000000000000  2.0 2.0
   719 C 47.570000000000  8.608292440243  0.000000000000  2.0 2.0
   720 C 48.990000000000  8.608292440243  0.000000000000  2.0 2.0
   721 C 46.860000000000  9.838048586991  0.000000000000  2.0 2.0
   722 C 49.700000000000  9.838048586991  0.000000000000  2.0 2.0
   723 C 47.570000000000 11.067804586991  0.000000000000  2.0 2.0
   724 C 48.990000000000 11.067804586991  0.000000000000  2.0 2.0
   725 C 46.860000000000 12.297560733739  0.000000000000  2.0 2.0
   726 C 49.700000000000 12.297560733739  0.000000000000  2.0 2.0
   727 C 47.570000000000 13.527316733739  0.000000000000  2.0 2.0
   728 C 48.990000000000 13.527316733739  0.000000000000  2.0 2.0
   729 C 46.860000000000 14.757072880487  0.000000000000  2.0 2.0
   730 C 49.700000000000 14.757072880487  0.000000000000  2.0 2.0
   731 C 47.570000000000 15.986828880487  0.000000000000  2.0 2.0
   732 C 48.990000000000 15.986828880487  0.000000000000  2.0 2.0
   733 C 46.860000000000 17.216585027235  0.000000000000  2.0 2.0
   734 C 49.700000000000 17.216585027235  0.000000000000  2.0 2.0
   735 C 47.570000000000 18.446341027235  0.000000000000  2.0 2.0
   736 C 48.990000000000 18.446341027235  0.000000000000  2.0 2.0
   737 C 46.860000000000 19.676097173982  0.000000000000  2.0 2.0
   738 C 49.700000000000 19.676097173982  0.000000000000  2.0 2.0
   739 C 47.570000000000 20.905853173982  0.000000000000  2.0 2.0
   740 C 48.990000000000 20.905853173982  0.000000000000  2.0 2.0
   741 C 46.860000000000 22.135609320730  0.000000000000  2.0 2.0
   742 C 49.700000000000 22.135609320730  0.000000000000  2.0 2.0
   743 C 47.570000000000 23.365365320730  0.000000000000  2.0 2.0
   744 C 48.990000000000 23.365365320730  0.000000000000  2.0 2.0
   745 C 46.860000000000 24.595121467478  0.000000000000  2.0 2.0
   746 C 49.700000000000 24.595121467478  0.000000000000  2.0 2.0
   747 C 47.570000000000 25.824877467478  0.000000000000  2.0 2.0
   748 C 48.990000000000 25.824877467478  0.000000000000  2.0 2.0
   749 C 46.860000000000 27.054633614226  0.000000000000  2.0 2.0
   750 C 49.700000000000 27.054633614226  0.000000000000  2.0 2.0
   751 C 47.570000000000 28.284389614226  0.000000000000  2.0 2.0
   752 C 48.990000000000 28.284389614226  0.000000000000  2.0 2.0
   753 C 46.860000000000 29.514145760974  0.000000000000  2.0 2.0
   754 C 49.700000000000 29.514145760974  0.000000000000  2.0 2.0
   755 C 47.570000000000 30.743901760974  0.000000000000  2.0 2.0
   756 C 48.990000000000 30.743901760974  0.000000000000  2.0 2.0
   757 C 46.860000000000 31.973657907722  0.000000000000  2.0 2.0
   758 C 49.700000000000 31.973657907722  0.000000000000  2.0 2.0
   759 C 47.570000000000 33.203413907722  0.000000000000  2.0 2.0
   760 C 48.990000000000 33.203413907722  0.000000000000  2.0 2.0
   761 C 46.860000000000 34.433170054469  0.000000000000  2.0 2.0
   762 C 49.700000000000 34.433170054469  0.000000000000  2.0 2.0
   763 C 47.570000000000 35.662926054469  0.000000000000  2.0 2.0
   764 C 48.990000000000 35.662926054469  0.000000000000  2.0 2.0
   765 C 46.860000000000 36.892682201217  0.000000000000  2.0 2.0
   766 C 49.700000000000 36.892682201217  0.000000000000  2.0 2.0
   767 C 47.570000000000 38.122438201217  0.000000000000  2.0 2.0
   768 C 48.990000000000 38.122438201217  0.000000000000  2.0 2.0
   769 C 51.120000000000  0.000000000000  0.000000000000  2.0 2.0
   770 C 53.960000000000  0.000000000000  0.000000000000  2.0 2.0
   771 C 51.830000000000  1.229756000000  0.000000000000  2.0 2.0
   772 C 53.250000000000  1.229756000000  0.000000000000  2.0 2.0
   773 C 51.120000000000  2.459512146748  0.000000000000  2.0 2.0
   774 C 53.960000000000  2.459512146748  0.000000000000  2.0 2.0
   775 C 51.830000000000  3.689268146748  0.000000000000  2.0 2.0
   776 C 53.250000000000  3.689268146748  0.000000000000  2.0 2.0
   777 C 51.120000000000  4.919024293496  0.000000000000  2.0 2.0
   778 C 53.960000000000  4.919024293496  0.000000000000  2.0 2.0
   779 C 51.830000000000  6.148780293496  0.000000000000  2.0 2.0
   780 C 53.250000000000  6.148780293496  0.000000000000  2.0 2.0
   781 C 51.120000000000  7.378536440243  0.000000000000  2.0 2.0
   782 C 53.960000000000  7.378536440243  0.000000000000  2.0 2.0
   783 C 51.830000000000  8.608292440243  0.000000000000  2.0 2.0
   784 C 53.250000000000  8.608292440243  0.000000000000  2.0 2.0
   785 C 51.120000000000  9.838048586991  0.000000000000  2.0 2.0
   786 C 53.960000000000  9.838048586991  0.000000000000  2.0 2.0
   787 C 51.830000000000 11.067804586991  0.000000000000  2.0 2.0
   788 C 53.250000000000 11.067804586991  0.000000000000  2.0 2.0
   789 C 51.120000000000 12.297560733739  0.000000000000  2.0 2.0
   790 C 53.960000000000 12.297560733739  0.000000000000  2.0 2.0
   791 C 51.830000000000 13.527316733739  0.000000000000  2.0 2.0
   792 C 53.250000000000 13.527316733739  0.000000000000  2.0 2.0
   793 C 51.120000000000 14.757072880487  0.000000000000  2.0 2.0
   794 C 53.960000000000 14.757072880487  0.000000000000  2.0 2.0
   795 C 51.830000000000 15.986828880487  0.000000000000  2.0 2.0
   796 C 53.250000000000 15.986828880487  0.000000000000  2.0 2.0
   797 C 51.120000000000 17.216585027235  0.000000000000  2.0 2.0
   798 C 53.960000000000 17.216585027235  0.000000000000  2.0 2.0
   799 C 51.830000000000 18.446341027235  0.000000000000  2.0 2.0
   800 C 53.250000000000 18.446341027235  0.000000000000  2.0 2.0
   801 C 51.120000000000 19.676097173982  0.000000000000  2.0 2.0
   802 C 53.960000000000 19.676097173982  0.000000000000  2.0 2.0
   803 C 51.830000000000 20.905853173982  0.000000000000  2.0 2.0
   804 C 53.250000000000 20.905853173982  0.000000000000  2.0 2.0
   805 C 51.120000000000 22.135609320730  0.000000000000  2.0 2.0
   806 C 53.960000000000 22.135609320730  0.000000000000  2.0 2.0
   807 C 51.830000000000 23.365365320730  0.000000000000  2.0 2.0
   808 C 53.250000000000 23.365365320730  0.000000000000  2.0 2.0
   809 C 51.120000000000 24.595121467478  0.000000000000  2.0 2.0
   810 C 53.960000000000 24.595121467478  0.000000000000  2.0 2.0
   811 C 51.830000000000 25.824877467478  0.000000000000  2.0 2.0
   812 C 53.250000000000 25.824877467478  0.000000000000  2.0 2.0
   813 C 51.120000000000 27.054633614226  0.000000000000  2.0 2.0
   814 C 53.960000000000 27.054633614226  0.000000000000  2.0 2.0
   815 C 51.830000000000 28.284389614226  0.000000000000  2.0 2.0
   816 C 53.250000000000 28.284389614226  0.000000000000  2.0 2.0
   817 C 51.120000000000 29.514145760974  0.000000000000  2.0 2.0
   818 C 53.960000000000 29.514145760974  0.000000000000  2.0 2.0
   819 C 51.830000000000 30.743901760974  0.000000000000  2.0 2.0
   820 C 53.250000000000 30.743901760974  0.000000000000  2.0 2.0
   821 C 51.120000000000 31.973657907722  0.000000000000  2.0 2.0
   822 C 53.960000000000 31.973657907722  0.000000000000  2.0 2.0
   823 C 51.830000000000 33.203413907722  0.000000000000  2.0 2.0
   824 C 53.250000000000 33.203413907722  0.000000000000  2.0 2.0
   825 C 51.120000000000 34.433170054469  0.000000000000  2.0 2.0
   826 C 53.960000000000 34.433170054469  0.000000000000  2.0 2.0
   827 C 51.830000000000 35.662926054469  0.000000000000  2.0 2.0
   828 C 53.250000000000 35.662926054469  0.000000000000  2.0 2.0
   829 C 51.120000000000 36.892682201217  0.000000000000  2.0 2.0
   830 C 53.960000000000 36.892682201217  0.000000000000  2.0 2.0
   831 C 51.830000000000 38.122438201217  0.000000000000  2.0 2.0
   832 C 53.250000000000 38.122438201217  0.000000000000  2.0 2.0
   833 C 55.380000000000  0.000000000000  0.000000000000  2.0 2.0
   834 C 58.220000000000  0.000000000000  0.000000000000  2.0 2.0
   835 C 56.090000000000  1.229756000000  0.000000000000  2.0 2.0
   836 C 57.510000000000  1.229756000000  0.000000000000  2.0 2.0
   837 C 55.380000000000  2.459512146748  0.000000000000  2.0 2.0
   838 C 58.220000000000  2.459512146748  0.000000000000  2.0 2.0
   839 C 56.090000000000  3.689268146748  0.000000000000  2.0 2.0
   840 C 57.510000000000  3.689268146748  0.000000000000  2.0 2.0
   841 C 55.380000000000  4.919024293496  0.000000000000  2.0 2.0
   842 C 58.220000000000  4.919024293496  0.000000000000  2.0 2.0
   843 C 56.090000000000  6.148780293496  0.000000000000  2.0 2.0
   844 C 57.510000000000  6.148780293496  0.000000000000  2.0 2.0
   845 C 55.380000000000  7.378536440243  0.000000000000  2.0 2.0
   846 C 58.220000000000  7.378536440243  0.000000000000  2.0 2.0
   847 C 56.090000000000  8.608292440243  0.000000000000  2.0 2.0
   848 C 57.510000000000  8.608292440243  0.000000000000  2.0 2.0
   849 C 55.380000000000  9.838048586991  0.000000000000  2.0 2.0
   850 C 58.220000000000  9.838048586991  0.000000000000  2.0 2.0
   851 C 56.090000000000 11.067804586991  0.000000000000  2.0 2.0
   852 C 57.510000000000 11.067804586991  0.000000000000  2.0 2.0
   853 C 55.380000000000 12.297560733739  0.000000000000  2.0 2.0
   854 C 58.220000000000 12.297560733739  0.000000000000  2.0 2.0
   855 C 56.090000000000 13.527316733739  0.000000000000  2.0 2.0
   856 C 57.510000000000 13.527316733739  0.000000000000  2.0 2.0
   857 C 55.380000000000 14.757072880487  0.000000000000  2.0 2.0
   858 C 58.220000000000 14.757072880487  0.000000000000  2.0 2.0
   859 C 56.090000000000 15.986828880487  0.000000000000  2.0 2.0
   860 C 57.510000000000 15.986828880487  0.000000000000  2.0 2.0
   861 C 55.380000000000 17.216585027235  0.000000000000  2.0 2.0
   862 C 58.220000000000 17.216585027235  0.000000000000  2.0 2.0
   863 C 56.090000000000 18.446341027235  0.000000000000  2.0 2.0
   864 C 57.510000000000 18.446341027235  0.000000000000  2.0 2.0
   865 C 55.380000000000 19.676097173982  0.000000000000  2.0 2.0
   866 C 58.220000000000 19.676097173982  0.000000000000  2.0 2.0
   867 C 56.090000000000 20.905853173982  0.000000000000  2.0 2.0
   868 C 57.510000000000 20.905853173982  0.000000000000  2.0 2.0
   869 C 55.380000000000 22.135609320730  0.000000000000  2.0 2.0
   870 C 58.220000000000 22.135609320730  0.000000000000  2.0 2.0
   871 C 56.090000000000 23.365365320730  0.000000000000  2.0 2.0
   872 C 57.510000000000 23.365365320730  0.000000000000  2.0 2.0
   873 C 55.380000000000 24.595121467478  0.000000000000  2.0 2.0
   874 C 58.220000000000 24.595121467478  0.000000000000  2.0 2.0
   875 C 56.090000000000 25.824877467478  0.000000000000  2.0 2.0
   876 C 57.510000000000 25.824877467478  0.000000000000  2.0 2.0
   877 C 55.380000000000 27.054633614226  0.000000000000  2.0 2.0
   878 C 58.220000000000 27.054633614226  0.000000000000  2.0 2.0
   879 C 56.090000000000 28.284389614226  0.000000000000  2.0 2.0
   880 C 57.510000000000 28.284389614226  0.000000000000  2.0 2.0
   881 C 55.380000000000 29.514145760974  0.000000000000  2.0 2.0
   882 C 58.220000000000 29.514145760974  0.000000000000  2.0 2.0
   883 C 56.090000000000 30.743901760974  0.000000000000  2.0 2.0
   884 C 57.510000000000 30.743901760974  0.000000000000  2.0 2.0
   885 C 55.380000000000 31.973657907722  0.000000000000  2.0 2.0
   886 C 58.220000000000 31.973657907722  0.000000000000  2.0 2.0
   887 C 56.090000000000 33.203413907722  0.000000000000  2.0 2.0
   888 C 57.510000000000 33.203413907722  0.000000000000  2.0 2.0
   889 C 55.380000000000 34.433170054469  0.000000000000  2.0 2.0
   890 C 58.220000000000 34.433170054469  0.000000000000  2.0 2.0
   891 C 56.090000000000 35.662926054469  0.000000000000  2.0 2.0
   892 C 57.510000000000 35.662926054469  0.000000000000  2.0 2.0
   893 C 55.380000000000 36.892682201217  0.000000000000  2.0 2.0
   894 C 58.220000000000 36.892682201217  0.000000000000  2.0 2.0
   895 C 56.090000000000 38.122438201217  0.000000000000  2.0 2.0
   896 C 57.510000000000 38.122438201217  0.000000000000  2.0 2.0
   897 C 59.640000000000  0.000000000000  0.000000000000  2.0 2.0
   898 C 62.480000000000  0.000000000000  0.000000000000  2.0 2.0
   899 C 60.350000000000  1.229756000000  0.000000000000  2.0 2.0
   900 C 61.770000000000  1.229756000000  0.000000000000  2.0 2.0
   901 C 59.640000000000  2.459512146748  0.000000000000  2.0 2.0
   902 C 62.480000000000  2.459512146748  0.000000000000  2.0 2.0
   903 C 60.350000000000  3.689268146748  0.000000000000  2.0 2.0
   904 C 61.770000000000  3.689268146748  0.000000000000  2.0 2.0
   905 C 59.640000000000  4.919024293496  0.000000000000  2.0 2.0
   906 C 62.480000000000  4.919024293496  0.000000000000  2.0 2.0
   907 C 60.350000000000  6.148780293496  0.000000000000  2.0 2.0
   908 C 61.770000000000  6.148780293496  0.000000000000  2.0 2.0
   909 C 59.640000000000  7.378536440243  0.000000000000  2.0 2.0
   910 C 62.480000000000  7.378536440243  0.000000000000  2.0 2.0
   911 C 60.350000000000  8.608292440243  0.000000000000  2.0 2.0
   912 C 61.770000000000  8.608292440243  0.000000000000  2.0 2.0
   913 C 59.640000000000  9.838048586991  0.000000000000  2.0 2.0
   914 C 62.480000000000  9.838048586991  0.000000000000  2.0 2.0
   915 C 60.350000000000 11.067804586991  0.000000000000  2.0 2.0
   916 C 61.770000000000 11.067804586991  0.000000000000  2.0 2.0
   917 C 59.640000000000 12.297560733739  0.000000000000  2.0 2.0
   918 C 62.480000000000 12.297560733739  0.000000000000  2.0 2.0
   919 C 60.350000000000 13.527316733739  0.000000000000  2.0 2.0
   920 C 61.770000000000 13.527316733739  0.000000000000  2.0 2.0
   921 C 59.640000000000 14.757072880487  0.000000000000  2.0 2.0
   922 C 62.480000000000 14.757072880487  0.000000000000  2.0 2.0
   923 C 60.350000000000 15.986828880487  0.000000000000  2.0 2.0
   924 C 61.770000000000 15.986828880487  0.000000000000  2.0 2.0
   925 C 59.640000000000 17.216585027235  0.000000000000  2.0 2.0
   926 C 62.480000000000 17.216585027235  0.000000000000  2.0 2.0
   927 C 60.350000000000 18.446341027235  0.000000000000  2.0 2.0
   928 C 61.770000000000 18.446341027235  0.000000000000  2.0 2.0
   929 C 59.640000000000 19.676097173982  0.000000000000  2.0 2.0
   930 C 62.480000000000 19.676097173982  0.000000000000  2.0 2.0
   931 C 60.350000000000 20.905853173982  0.000000000000  2.0 2.0
   932 C 61.770000000000 20.905853173982  0.000000000000  2.0 2.0
   933 C 59.640000000000 22.135609320730  0.000000000000  2.0 2.0
   934 C 62.480000000000 22.135609320730  0.000000000000  2.0 2.0
   935 C 60.350000000000 23.365365320730  0.000000000000  2.0 2.0
   936 C 61.770000000000 23.365365320730  0.000000000000  2.0 2.0
   937 C 59.640000000000 24.595121467478  0.000000000000  2.0 2.0
   938 C 62.480000000000 24.595121467478  0.000000000000  2.0 2.0
   939 C 60.350000000000 25.824877467478  0.000000000000  2.0 2.0
   940 C 61.770000000000 25.824877467478  0.000000000000  2.0 2.0
   941 C 59.640000000000 27.054633614226  0.000000000000  2.0 2.0
   942 C 62.480000000000 27.054633614226  0.000000000000  2.0 2.0
   943 C 60.350000000000 28.284389614226  0.000000000000  2.0 2.0
   944 C 61.770000000000 28.284389614226  0.000000000000  2.0 2.0
   945 C 59.640000000000 29.514145760974  0.000000000000  2.0 2.0
   946 C 62.480000000000 29.514145760974  0.000000000000  2.0 2.0
   947 C 60.350000000000 30.743901760974  0.000000000000  2.0 2.0
   948 C 61.770000000000 30.743901760974  0.000000000000  2.0 2.0
   949 C 59.640000000000 31.973657907722  0.000000000000  2.0 2.0
   950 C 62.480000000000 31.973657907722  0.000000000000  2.0 2.0
   951 C 60.350000000000 33.203413907722  0.000000000000  2.0 2.0
   952 C 61.770000000000 33.203413907722  0.000000000000  2.0 2.0
   953 C 59.640000000000 34.433170054469  0.000000000000  2.0 2.0
   954 C 62.480000000000 34.433170054469  0.000000000000  2.0 2.0
   955 C 60.350000000000 35.662926054469  0.000000000000  2.0 2.0
   956 C 61.770000000000 35.662926054469  0.000000000000  2.0 2.0
   957 C 59.640000000000 36.892682201217  0.000000000000  2.0 2.0
   958 C 62.480000000000 36.892682201217  0.000000000000  2.0 2.0
   959 C 60.350000000000 38.122438201217  0.000000000000  2.0 2.0
   960 C 61.770000000000 38.122438201217  0.000000000000  2.0 2.0
   961 C 63.900000000000  0.000000000000  0.000000000000  2.0 2.0
   962 C 66.740000000000  0.000000000000  0.000000000000  2.0 2.0
   963 C 64.610000000000  1.229756000000  0.000000000000  2.0 2.0
   964 C 66.030000000000  1.229756000000  0.000000000000  2.0 2.0
   965 C 63.900000000000  2.459512146748  0.000000000000  2.0 2.0
   966 C 66.740000000000  2.459512146748  0.000000000000  2.0 2.0
   967 C 64.610000000000  3.689268146748  0.000000000000  2.0 2.0
   968 C 66.030000000000  3.689268146748  0.000000000000  2.0 2.0
   969 C 63.900000000000  4.919024293496  0.000000000000  2.0 2.0
   970 C 66.740000000000  4.919024293496  0.000000000000  2.0 2.0
   971 C 64.610000000000  6.148780293496  0.000000000000  2.0 2.0
   972 C 66.030000000000  6.148780293496  0.000000000000  2.0 2.0
   973 C 63.900000000000  7.378536440243  0.000000000000  2.0 2.0
   974 C 66.740000000000  7.378536440243  0.000000000000  2.0 2.0
   975 C 64.610000000000  8.608292440243  0.000000000000  2.0 2.0
   976 C 66.030000000000  8.608292440243  0.000000000000  2.0 2.0
   977 C 63.900000000000  9.838048586991  0.000000000000  2.0 2.0
   978 C 66.740000000000  9.838048586991  0.000000000000  2.0 2.0
   979 C 64.610000000000 11.067804586991  0.000000000000  2.0 2.0
   980 C 66.030000000000 11.067804586991  0.000000000000  2.0 2.0
   981 C 63.900000000000 12.297560733739  0.000000000000  2.0 2.0
   982 C 66.740000000000 12.297560733739  0.000000000000  2.0 2.0
   983 C 64.610000000000 13.527316733739  0.000000000000  2.0 2.0
   984 C 66.030000000000 13.527316733739  0.000000000000  2.0 2.0
   985 C 63.900000000000 14.757072880487  0.000000000000  2.0 2.0
   986 C 66.740000000000 14.757072880487  0.000000000000  2.0 2.0
   987 C 64.610000000000 15.986828880487  0.000000000000  2.0 2.0
   988 C 66.030000000000 15.986828880487  0.000000000000  2.0 2.0
   989 C 63.900000000000 17.216585027235  0.000000000000  2.0 2.0
   990 C 66.740000000000 17.216585027235  0.000000000000  2.0 2.0
   991 C 64.610000000000 18.446341027235  0.000000000000  2.0 2.0
   992 C 66.030000000000 18.446341027235  0.000000000000  2.0 2.0
   993 C 63.900000000000 19.676097173982  0.000000000000  2.0 2.0
   994 C 66.740000000000 19.676097173982  0.000000000000  2.0 2.0
   995 C 64.610000000000 20.905853173982  0.000000000000  2.0 2.0
   996 C 66.030000000000 20.905853173982  0.000000000000  2.0 2.0
   997 C 63.900000000000 22.135609320730  0.000000000000  2.0 2.0
   998 C 66.740000000000 22.135609320730  0.000000000000  2.0 2.0
   999 C 64.610000000000 23.365365320730  0.000000000000  2.0 2.0
  1000 C 66.030000000000 23.365365320730  0.000000000000  2.0 2.0
  1001 C 63.900000000000 24.595121467478  0.000000000000  2.0 2.0
  1002 C 66.740000000000 24.595121467478  0.000000000000  2.0 2.0
  1003 C 64.610000000000 25.824877467478  0.000000000000  2.0 2.0
  1004 C 66.030000000000 25.824877467478  0.000000000000  2.0 2.0
  1005 C 63.900000000000 27.054633614226  0.000000000000  2.0 2.0
  1006 C 66.740000000000 27.054633614226  0.000000000000  2.0 2.0
  1007 C 64.610000000000 28.284389614226  0.000000000000  2.0 2.0
  1008 C 66.030000000000 28.284389614226  0.000000000000  2.0 2.0
  1009 C 63.900000000000 29.514145760974  0.000000000000  2.0 2.0
  1010 C 66.740000000000 29.514145760974  0.000000000000  2.0 2.0
  1011 C 64.610000000000 30.743901760974  0.000000000000  2.0 2.0
  1012 C 66.030000000000 30.743901760974  0.000000000000  2.0 2.0
  1013 C 63.900000000000 31.973657907722  0.000000000000  2.0 2.0
  1014 C 66.740000000000 31.973657907722  0.000000000000  2.0 2.0
  1015 C 64.610000000000 33.203413907722  0.000000000000  2.0 2.0
  1016 C 66.030000000000 33.203413907722  0.000000000000  2.0 2.0
  1017 C 63.900000000000 34.433170054469  0.000000000000  2.0 2.0
  1018 C 66.740000000000 34.433170054469  0.000000000000  2.0 2.0
  1019 C 64.610000000000 35.662926054469  0.000000000000  2.0 2.0
  1020 C 66.030000000000 35.662926054469  0.000000000000  2.0 2.0
  1021 C 63.900000000000 36.892682201217  0.000000000000  2.0 2.0
  1022 C 66.740000000000 36.892682201217  0.000000000000  2.0 2.0
  1023 C 64.610000000000 38.122438201217  0.000000000000  2.0 2.0
  1024 C 66.030000000000 38.122438201217  0.000000000000  2.0 2.0
Atoms.SpeciesAndCoordinates>
Atoms.UnitVectors.Unit             Ang #  Ang|AU
<Atoms.UnitVectors                     # unit=Ang.
68.160000000000  0.000000000000  0.000000000000
 0.000000000000 39.352194347965  0.000000000000
 0.000000000000  0.000000000000 10.000000000000
Atoms.UnitVectors>

#
# SCF or Electronic System
#

scf.XcType                GGA-PBE      # LDA|LSDA-CA|LSDA-PW
scf.SpinPolarization       off         # On|Off
scf.ElectronicTemperature  300.0       # default=300 (K)
scf.energycutoff           180.0       # default=150 (Ry)
scf.ProExpn.VNA             off        # default=on
scf.maxIter                 300        # default=40
scf.EigenvalueSolver       cluster     # Recursion|Cluster|Band
scf.Kgrid                 1 1 1        # means 4x4x4
scf.Mixing.Type           rmm-diisk    # Simple|Rmm-Diis|Gr-Pulay
scf.Init.Mixing.Weight     0.010       # default=0.30 
scf.Min.Mixing.Weight      0.001       # default=0.001 
scf.Max.Mixing.Weight      0.200       # default=0.40 
scf.Mixing.History          30         # default=5
scf.Mixing.StartPulay       15         # default=6
scf.criterion             1.0e-10      # default=1.0e-6 (Hartree) 

#
# MD or Geometry Optimization
#

MD.Type                     nomd       # Nomd|Opt|DIIS|NVE|NVT_VS|NVT_NH
MD.maxIter                   1         # default=1
MD.TimeStep                0.5         # default=0.5 (fs)
MD.Opt.criterion          1.0e-4       # default=1.0e-4 (Hartree/bohr)
