#
#  fcc Pt including 500 atoms 
#

System.CurrrentDirectory         ./    # default=./
System.Name                    Pt500
level.of.stdout                   1    # default=1 (1-3)
level.of.fileout                  0    # default=1 (1-3)

#
# Definition of Atomic Species
#

Species.Number       1
<Definition.of.Atomic.Species
 Pt  Pt7.0-s2p2d2f1   Pt_PBE13
Definition.of.Atomic.Species>

#
# Atoms
#

Atoms.Number        500
Atoms.SpeciesAndCoordinates.Unit   Ang # Ang|AU
<Atoms.SpeciesAndCoordinates           # Unit=Ang.
     1 Pt  0.000000000000  0.000000000000  0.000000000000  8.0 8.0
     2 Pt  0.000000000000  1.960000000000  1.960000000000  8.0 8.0
     3 Pt  1.960000000000  0.000000000000  1.960000000000  8.0 8.0
     4 Pt  1.960000000000  1.960000000000  0.000000000000  8.0 8.0
     5 Pt  0.000000000000  0.000000000000  3.920000000000  8.0 8.0
     6 Pt  0.000000000000  1.960000000000  5.880000000000  8.0 8.0
     7 Pt  1.960000000000  0.000000000000  5.880000000000  8.0 8.0
     8 Pt  1.960000000000  1.960000000000  3.920000000000  8.0 8.0
     9 Pt  0.000000000000  0.000000000000  7.840000000000  8.0 8.0
    10 Pt  0.000000000000  1.960000000000  9.800000000000  8.0 8.0
    11 Pt  1.960000000000  0.000000000000  9.800000000000  8.0 8.0
    12 Pt  1.960000000000  1.960000000000  7.840000000000  8.0 8.0
    13 Pt  0.000000000000  0.000000000000 11.760000000000  8.0 8.0
    14 Pt  0.000000000000  1.960000000000 13.720000000000  8.0 8.0
    15 Pt  1.960000000000  0.000000000000 13.720000000000  8.0 8.0
    16 Pt  1.960000000000  1.960000000000 11.760000000000  8.0 8.0
    17 Pt  0.000000000000  0.000000000000 15.680000000000  8.0 8.0
    18 Pt  0.000000000000  1.960000000000 17.640000000000  8.0 8.0
    19 Pt  1.960000000000  0.000000000000 17.640000000000  8.0 8.0
    20 Pt  1.960000000000  1.960000000000 15.680000000000  8.0 8.0
    21 Pt  0.000000000000  3.920000000000  0.000000000000  8.0 8.0
    22 Pt  0.000000000000  5.880000000000  1.960000000000  8.0 8.0
    23 Pt  1.960000000000  3.920000000000  1.960000000000  8.0 8.0
    24 Pt  1.960000000000  5.880000000000  0.000000000000  8.0 8.0
    25 Pt  0.000000000000  3.920000000000  3.920000000000  8.0 8.0
    26 Pt  0.000000000000  5.880000000000  5.880000000000  8.0 8.0
    27 Pt  1.960000000000  3.920000000000  5.880000000000  8.0 8.0
    28 Pt  1.960000000000  5.880000000000  3.920000000000  8.0 8.0
    29 Pt  0.000000000000  3.920000000000  7.840000000000  8.0 8.0
    30 Pt  0.000000000000  5.880000000000  9.800000000000  8.0 8.0
    31 Pt  1.960000000000  3.920000000000  9.800000000000  8.0 8.0
    32 Pt  1.960000000000  5.880000000000  7.840000000000  8.0 8.0
    33 Pt  0.000000000000  3.920000000000 11.760000000000  8.0 8.0
    34 Pt  0.000000000000  5.880000000000 13.720000000000  8.0 8.0
    35 Pt  1.960000000000  3.920000000000 13.720000000000  8.0 8.0
    36 Pt  1.960000000000  5.880000000000 11.760000000000  8.0 8.0
    37 Pt  0.000000000000  3.920000000000 15.680000000000  8.0 8.0
    38 Pt  0.000000000000  5.880000000000 17.640000000000  8.0 8.0
    39 Pt  1.960000000000  3.920000000000 17.640000000000  8.0 8.0
    40 Pt  1.960000000000  5.880000000000 15.680000000000  8.0 8.0
    41 Pt  0.000000000000  7.840000000000  0.000000000000  8.0 8.0
    42 Pt  0.000000000000  9.800000000000  1.960000000000  8.0 8.0
    43 Pt  1.960000000000  7.840000000000  1.960000000000  8.0 8.0
    44 Pt  1.960000000000  9.800000000000  0.000000000000  8.0 8.0
    45 Pt  0.000000000000  7.840000000000  3.920000000000  8.0 8.0
    46 Pt  0.000000000000  9.800000000000  5.880000000000  8.0 8.0
    47 Pt  1.960000000000  7.840000000000  5.880000000000  8.0 8.0
    48 Pt  1.960000000000  9.800000000000  3.920000000000  8.0 8.0
    49 Pt  0.000000000000  7.840000000000  7.840000000000  8.0 8.0
    50 Pt  0.000000000000  9.800000000000  9.800000000000  8.0 8.0
    51 Pt  1.960000000000  7.840000000000  9.800000000000  8.0 8.0
    52 Pt  1.960000000000  9.800000000000  7.840000000000  8.0 8.0
    53 Pt  0.000000000000  7.840000000000 11.760000000000  8.0 8.0
    54 Pt  0.000000000000  9.800000000000 13.720000000000  8.0 8.0
    55 Pt  1.960000000000  7.840000000000 13.720000000000  8.0 8.0
    56 Pt  1.960000000000  9.800000000000 11.760000000000  8.0 8.0
    57 Pt  0.000000000000  7.840000000000 15.680000000000  8.0 8.0
    58 Pt  0.000000000000  9.800000000000 17.640000000000  8.0 8.0
    59 Pt  1.960000000000  7.840000000000 17.640000000000  8.0 8.0
    60 Pt  1.960000000000  9.800000000000 15.680000000000  8.0 8.0
    61 Pt  0.000000000000 11.760000000000  0.000000000000  8.0 8.0
    62 Pt  0.000000000000 13.720000000000  1.960000000000  8.0 8.0
    63 Pt  1.960000000000 11.760000000000  1.960000000000  8.0 8.0
    64 Pt  1.960000000000 13.720000000000  0.000000000000  8.0 8.0
    65 Pt  0.000000000000 11.760000000000  3.920000000000  8.0 8.0
    66 Pt  0.000000000000 13.720000000000  5.880000000000  8.0 8.0
    67 Pt  1.960000000000 11.760000000000  5.880000000000  8.0 8.0
    68 Pt  1.960000000000 13.720000000000  3.920000000000  8.0 8.0
    69 Pt  0.000000000000 11.760000000000  7.840000000000  8.0 8.0
    70 Pt  0.000000000000 13.720000000000  9.800000000000  8.0 8.0
    71 Pt  1.960000000000 11.760000000000  9.800000000000  8.0 8.0
    72 Pt  1.960000000000 13.720000000000  7.840000000000  8.0 8.0
    73 Pt  0.000000000000 11.760000000000 11.760000000000  8.0 8.0
    74 Pt  0.000000000000 13.720000000000 13.720000000000  8.0 8.0
    75 Pt  1.960000000000 11.760000000000 13.720000000000  8.0 8.0
    76 Pt  1.960000000000 13.720000000000 11.760000000000  8.0 8.0
    77 Pt  0.000000000000 11.760000000000 15.680000000000  8.0 8.0
    78 Pt  0.000000000000 13.720000000000 17.640000000000  8.0 8.0
    79 Pt  1.960000000000 11.760000000000 17.640000000000  8.0 8.0
    80 Pt  1.960000000000 13.720000000000 15.680000000000  8.0 8.0
    81 Pt  0.000000000000 15.680000000000  0.000000000000  8.0 8.0
    82 Pt  0.000000000000 17.640000000000  1.960000000000  8.0 8.0
    83 Pt  1.960000000000 15.680000000000  1.960000000000  8.0 8.0
    84 Pt  1.960000000000 17.640000000000  0.000000000000  8.0 8.0
    85 Pt  0.000000000000 15.680000000000  3.920000000000  8.0 8.0
    86 Pt  0.000000000000 17.640000000000  5.880000000000  8.0 8.0
    87 Pt  1.960000000000 15.680000000000  5.880000000000  8.0 8.0
    88 Pt  1.960000000000 17.640000000000  3.920000000000  8.0 8.0
    89 Pt  0.000000000000 15.680000000000  7.840000000000  8.0 8.0
    90 Pt  0.000000000000 17.640000000000  9.800000000000  8.0 8.0
    91 Pt  1.960000000000 15.680000000000  9.800000000000  8.0 8.0
    92 Pt  1.960000000000 17.640000000000  7.840000000000  8.0 8.0
    93 Pt  0.000000000000 15.680000000000 11.760000000000  8.0 8.0
    94 Pt  0.000000000000 17.640000000000 13.720000000000  8.0 8.0
    95 Pt  1.960000000000 15.680000000000 13.720000000000  8.0 8.0
    96 Pt  1.960000000000 17.640000000000 11.760000000000  8.0 8.0
    97 Pt  0.000000000000 15.680000000000 15.680000000000  8.0 8.0
    98 Pt  0.000000000000 17.640000000000 17.640000000000  8.0 8.0
    99 Pt  1.960000000000 15.680000000000 17.640000000000  8.0 8.0
   100 Pt  1.960000000000 17.640000000000 15.680000000000  8.0 8.0
   101 Pt  3.920000000000  0.000000000000  0.000000000000  8.0 8.0
   102 Pt  3.920000000000  1.960000000000  1.960000000000  8.0 8.0
   103 Pt  5.880000000000  0.000000000000  1.960000000000  8.0 8.0
   104 Pt  5.880000000000  1.960000000000  0.000000000000  8.0 8.0
   105 Pt  3.920000000000  0.000000000000  3.920000000000  8.0 8.0
   106 Pt  3.920000000000  1.960000000000  5.880000000000  8.0 8.0
   107 Pt  5.880000000000  0.000000000000  5.880000000000  8.0 8.0
   108 Pt  5.880000000000  1.960000000000  3.920000000000  8.0 8.0
   109 Pt  3.920000000000  0.000000000000  7.840000000000  8.0 8.0
   110 Pt  3.920000000000  1.960000000000  9.800000000000  8.0 8.0
   111 Pt  5.880000000000  0.000000000000  9.800000000000  8.0 8.0
   112 Pt  5.880000000000  1.960000000000  7.840000000000  8.0 8.0
   113 Pt  3.920000000000  0.000000000000 11.760000000000  8.0 8.0
   114 Pt  3.920000000000  1.960000000000 13.720000000000  8.0 8.0
   115 Pt  5.880000000000  0.000000000000 13.720000000000  8.0 8.0
   116 Pt  5.880000000000  1.960000000000 11.760000000000  8.0 8.0
   117 Pt  3.920000000000  0.000000000000 15.680000000000  8.0 8.0
   118 Pt  3.920000000000  1.960000000000 17.640000000000  8.0 8.0
   119 Pt  5.880000000000  0.000000000000 17.640000000000  8.0 8.0
   120 Pt  5.880000000000  1.960000000000 15.680000000000  8.0 8.0
   121 Pt  3.920000000000  3.920000000000  0.000000000000  8.0 8.0
   122 Pt  3.920000000000  5.880000000000  1.960000000000  8.0 8.0
   123 Pt  5.880000000000  3.920000000000  1.960000000000  8.0 8.0
   124 Pt  5.880000000000  5.880000000000  0.000000000000  8.0 8.0
   125 Pt  3.920000000000  3.920000000000  3.920000000000  8.0 8.0
   126 Pt  3.920000000000  5.880000000000  5.880000000000  8.0 8.0
   127 Pt  5.880000000000  3.920000000000  5.880000000000  8.0 8.0
   128 Pt  5.880000000000  5.880000000000  3.920000000000  8.0 8.0
   129 Pt  3.920000000000  3.920000000000  7.840000000000  8.0 8.0
   130 Pt  3.920000000000  5.880000000000  9.800000000000  8.0 8.0
   131 Pt  5.880000000000  3.920000000000  9.800000000000  8.0 8.0
   132 Pt  5.880000000000  5.880000000000  7.840000000000  8.0 8.0
   133 Pt  3.920000000000  3.920000000000 11.760000000000  8.0 8.0
   134 Pt  3.920000000000  5.880000000000 13.720000000000  8.0 8.0
   135 Pt  5.880000000000  3.920000000000 13.720000000000  8.0 8.0
   136 Pt  5.880000000000  5.880000000000 11.760000000000  8.0 8.0
   137 Pt  3.920000000000  3.920000000000 15.680000000000  8.0 8.0
   138 Pt  3.920000000000  5.880000000000 17.640000000000  8.0 8.0
   139 Pt  5.880000000000  3.920000000000 17.640000000000  8.0 8.0
   140 Pt  5.880000000000  5.880000000000 15.680000000000  8.0 8.0
   141 Pt  3.920000000000  7.840000000000  0.000000000000  8.0 8.0
   142 Pt  3.920000000000  9.800000000000  1.960000000000  8.0 8.0
   143 Pt  5.880000000000  7.840000000000  1.960000000000  8.0 8.0
   144 Pt  5.880000000000  9.800000000000  0.000000000000  8.0 8.0
   145 Pt  3.920000000000  7.840000000000  3.920000000000  8.0 8.0
   146 Pt  3.920000000000  9.800000000000  5.880000000000  8.0 8.0
   147 Pt  5.880000000000  7.840000000000  5.880000000000  8.0 8.0
   148 Pt  5.880000000000  9.800000000000  3.920000000000  8.0 8.0
   149 Pt  3.920000000000  7.840000000000  7.840000000000  8.0 8.0
   150 Pt  3.920000000000  9.800000000000  9.800000000000  8.0 8.0
   151 Pt  5.880000000000  7.840000000000  9.800000000000  8.0 8.0
   152 Pt  5.880000000000  9.800000000000  7.840000000000  8.0 8.0
   153 Pt  3.920000000000  7.840000000000 11.760000000000  8.0 8.0
   154 Pt  3.920000000000  9.800000000000 13.720000000000  8.0 8.0
   155 Pt  5.880000000000  7.840000000000 13.720000000000  8.0 8.0
   156 Pt  5.880000000000  9.800000000000 11.760000000000  8.0 8.0
   157 Pt  3.920000000000  7.840000000000 15.680000000000  8.0 8.0
   158 Pt  3.920000000000  9.800000000000 17.640000000000  8.0 8.0
   159 Pt  5.880000000000  7.840000000000 17.640000000000  8.0 8.0
   160 Pt  5.880000000000  9.800000000000 15.680000000000  8.0 8.0
   161 Pt  3.920000000000 11.760000000000  0.000000000000  8.0 8.0
   162 Pt  3.920000000000 13.720000000000  1.960000000000  8.0 8.0
   163 Pt  5.880000000000 11.760000000000  1.960000000000  8.0 8.0
   164 Pt  5.880000000000 13.720000000000  0.000000000000  8.0 8.0
   165 Pt  3.920000000000 11.760000000000  3.920000000000  8.0 8.0
   166 Pt  3.920000000000 13.720000000000  5.880000000000  8.0 8.0
   167 Pt  5.880000000000 11.760000000000  5.880000000000  8.0 8.0
   168 Pt  5.880000000000 13.720000000000  3.920000000000  8.0 8.0
   169 Pt  3.920000000000 11.760000000000  7.840000000000  8.0 8.0
   170 Pt  3.920000000000 13.720000000000  9.800000000000  8.0 8.0
   171 Pt  5.880000000000 11.760000000000  9.800000000000  8.0 8.0
   172 Pt  5.880000000000 13.720000000000  7.840000000000  8.0 8.0
   173 Pt  3.920000000000 11.760000000000 11.760000000000  8.0 8.0
   174 Pt  3.920000000000 13.720000000000 13.720000000000  8.0 8.0
   175 Pt  5.880000000000 11.760000000000 13.720000000000  8.0 8.0
   176 Pt  5.880000000000 13.720000000000 11.760000000000  8.0 8.0
   177 Pt  3.920000000000 11.760000000000 15.680000000000  8.0 8.0
   178 Pt  3.920000000000 13.720000000000 17.640000000000  8.0 8.0
   179 Pt  5.880000000000 11.760000000000 17.640000000000  8.0 8.0
   180 Pt  5.880000000000 13.720000000000 15.680000000000  8.0 8.0
   181 Pt  3.920000000000 15.680000000000  0.000000000000  8.0 8.0
   182 Pt  3.920000000000 17.640000000000  1.960000000000  8.0 8.0
   183 Pt  5.880000000000 15.680000000000  1.960000000000  8.0 8.0
   184 Pt  5.880000000000 17.640000000000  0.000000000000  8.0 8.0
   185 Pt  3.920000000000 15.680000000000  3.920000000000  8.0 8.0
   186 Pt  3.920000000000 17.640000000000  5.880000000000  8.0 8.0
   187 Pt  5.880000000000 15.680000000000  5.880000000000  8.0 8.0
   188 Pt  5.880000000000 17.640000000000  3.920000000000  8.0 8.0
   189 Pt  3.920000000000 15.680000000000  7.840000000000  8.0 8.0
   190 Pt  3.920000000000 17.640000000000  9.800000000000  8.0 8.0
   191 Pt  5.880000000000 15.680000000000  9.800000000000  8.0 8.0
   192 Pt  5.880000000000 17.640000000000  7.840000000000  8.0 8.0
   193 Pt  3.920000000000 15.680000000000 11.760000000000  8.0 8.0
   194 Pt  3.920000000000 17.640000000000 13.720000000000  8.0 8.0
   195 Pt  5.880000000000 15.680000000000 13.720000000000  8.0 8.0
   196 Pt  5.880000000000 17.640000000000 11.760000000000  8.0 8.0
   197 Pt  3.920000000000 15.680000000000 15.680000000000  8.0 8.0
   198 Pt  3.920000000000 17.640000000000 17.640000000000  8.0 8.0
   199 Pt  5.880000000000 15.680000000000 17.640000000000  8.0 8.0
   200 Pt  5.880000000000 17.640000000000 15.680000000000  8.0 8.0
   201 Pt  7.840000000000  0.000000000000  0.000000000000  8.0 8.0
   202 Pt  7.840000000000  1.960000000000  1.960000000000  8.0 8.0
   203 Pt  9.800000000000  0.000000000000  1.960000000000  8.0 8.0
   204 Pt  9.800000000000  1.960000000000  0.000000000000  8.0 8.0
   205 Pt  7.840000000000  0.000000000000  3.920000000000  8.0 8.0
   206 Pt  7.840000000000  1.960000000000  5.880000000000  8.0 8.0
   207 Pt  9.800000000000  0.000000000000  5.880000000000  8.0 8.0
   208 Pt  9.800000000000  1.960000000000  3.920000000000  8.0 8.0
   209 Pt  7.840000000000  0.000000000000  7.840000000000  8.0 8.0
   210 Pt  7.840000000000  1.960000000000  9.800000000000  8.0 8.0
   211 Pt  9.800000000000  0.000000000000  9.800000000000  8.0 8.0
   212 Pt  9.800000000000  1.960000000000  7.840000000000  8.0 8.0
   213 Pt  7.840000000000  0.000000000000 11.760000000000  8.0 8.0
   214 Pt  7.840000000000  1.960000000000 13.720000000000  8.0 8.0
   215 Pt  9.800000000000  0.000000000000 13.720000000000  8.0 8.0
   216 Pt  9.800000000000  1.960000000000 11.760000000000  8.0 8.0
   217 Pt  7.840000000000  0.000000000000 15.680000000000  8.0 8.0
   218 Pt  7.840000000000  1.960000000000 17.640000000000  8.0 8.0
   219 Pt  9.800000000000  0.000000000000 17.640000000000  8.0 8.0
   220 Pt  9.800000000000  1.960000000000 15.680000000000  8.0 8.0
   221 Pt  7.840000000000  3.920000000000  0.000000000000  8.0 8.0
   222 Pt  7.840000000000  5.880000000000  1.960000000000  8.0 8.0
   223 Pt  9.800000000000  3.920000000000  1.960000000000  8.0 8.0
   224 Pt  9.800000000000  5.880000000000  0.000000000000  8.0 8.0
   225 Pt  7.840000000000  3.920000000000  3.920000000000  8.0 8.0
   226 Pt  7.840000000000  5.880000000000  5.880000000000  8.0 8.0
   227 Pt  9.800000000000  3.920000000000  5.880000000000  8.0 8.0
   228 Pt  9.800000000000  5.880000000000  3.920000000000  8.0 8.0
   229 Pt  7.840000000000  3.920000000000  7.840000000000  8.0 8.0
   230 Pt  7.840000000000  5.880000000000  9.800000000000  8.0 8.0
   231 Pt  9.800000000000  3.920000000000  9.800000000000  8.0 8.0
   232 Pt  9.800000000000  5.880000000000  7.840000000000  8.0 8.0
   233 Pt  7.840000000000  3.920000000000 11.760000000000  8.0 8.0
   234 Pt  7.840000000000  5.880000000000 13.720000000000  8.0 8.0
   235 Pt  9.800000000000  3.920000000000 13.720000000000  8.0 8.0
   236 Pt  9.800000000000  5.880000000000 11.760000000000  8.0 8.0
   237 Pt  7.840000000000  3.920000000000 15.680000000000  8.0 8.0
   238 Pt  7.840000000000  5.880000000000 17.640000000000  8.0 8.0
   239 Pt  9.800000000000  3.920000000000 17.640000000000  8.0 8.0
   240 Pt  9.800000000000  5.880000000000 15.680000000000  8.0 8.0
   241 Pt  7.840000000000  7.840000000000  0.000000000000  8.0 8.0
   242 Pt  7.840000000000  9.800000000000  1.960000000000  8.0 8.0
   243 Pt  9.800000000000  7.840000000000  1.960000000000  8.0 8.0
   244 Pt  9.800000000000  9.800000000000  0.000000000000  8.0 8.0
   245 Pt  7.840000000000  7.840000000000  3.920000000000  8.0 8.0
   246 Pt  7.840000000000  9.800000000000  5.880000000000  8.0 8.0
   247 Pt  9.800000000000  7.840000000000  5.880000000000  8.0 8.0
   248 Pt  9.800000000000  9.800000000000  3.920000000000  8.0 8.0
   249 Pt  7.840000000000  7.840000000000  7.840000000000  8.0 8.0
   250 Pt  7.840000000000  9.800000000000  9.800000000000  8.0 8.0
   251 Pt  9.800000000000  7.840000000000  9.800000000000  8.0 8.0
   252 Pt  9.800000000000  9.800000000000  7.840000000000  8.0 8.0
   253 Pt  7.840000000000  7.840000000000 11.760000000000  8.0 8.0
   254 Pt  7.840000000000  9.800000000000 13.720000000000  8.0 8.0
   255 Pt  9.800000000000  7.840000000000 13.720000000000  8.0 8.0
   256 Pt  9.800000000000  9.800000000000 11.760000000000  8.0 8.0
   257 Pt  7.840000000000  7.840000000000 15.680000000000  8.0 8.0
   258 Pt  7.840000000000  9.800000000000 17.640000000000  8.0 8.0
   259 Pt  9.800000000000  7.840000000000 17.640000000000  8.0 8.0
   260 Pt  9.800000000000  9.800000000000 15.680000000000  8.0 8.0
   261 Pt  7.840000000000 11.760000000000  0.000000000000  8.0 8.0
   262 Pt  7.840000000000 13.720000000000  1.960000000000  8.0 8.0
   263 Pt  9.800000000000 11.760000000000  1.960000000000  8.0 8.0
   264 Pt  9.800000000000 13.720000000000  0.000000000000  8.0 8.0
   265 Pt  7.840000000000 11.760000000000  3.920000000000  8.0 8.0
   266 Pt  7.840000000000 13.720000000000  5.880000000000  8.0 8.0
   267 Pt  9.800000000000 11.760000000000  5.880000000000  8.0 8.0
   268 Pt  9.800000000000 13.720000000000  3.920000000000  8.0 8.0
   269 Pt  7.840000000000 11.760000000000  7.840000000000  8.0 8.0
   270 Pt  7.840000000000 13.720000000000  9.800000000000  8.0 8.0
   271 Pt  9.800000000000 11.760000000000  9.800000000000  8.0 8.0
   272 Pt  9.800000000000 13.720000000000  7.840000000000  8.0 8.0
   273 Pt  7.840000000000 11.760000000000 11.760000000000  8.0 8.0
   274 Pt  7.840000000000 13.720000000000 13.720000000000  8.0 8.0
   275 Pt  9.800000000000 11.760000000000 13.720000000000  8.0 8.0
   276 Pt  9.800000000000 13.720000000000 11.760000000000  8.0 8.0
   277 Pt  7.840000000000 11.760000000000 15.680000000000  8.0 8.0
   278 Pt  7.840000000000 13.720000000000 17.640000000000  8.0 8.0
   279 Pt  9.800000000000 11.760000000000 17.640000000000  8.0 8.0
   280 Pt  9.800000000000 13.720000000000 15.680000000000  8.0 8.0
   281 Pt  7.840000000000 15.680000000000  0.000000000000  8.0 8.0
   282 Pt  7.840000000000 17.640000000000  1.960000000000  8.0 8.0
   283 Pt  9.800000000000 15.680000000000  1.960000000000  8.0 8.0
   284 Pt  9.800000000000 17.640000000000  0.000000000000  8.0 8.0
   285 Pt  7.840000000000 15.680000000000  3.920000000000  8.0 8.0
   286 Pt  7.840000000000 17.640000000000  5.880000000000  8.0 8.0
   287 Pt  9.800000000000 15.680000000000  5.880000000000  8.0 8.0
   288 Pt  9.800000000000 17.640000000000  3.920000000000  8.0 8.0
   289 Pt  7.840000000000 15.680000000000  7.840000000000  8.0 8.0
   290 Pt  7.840000000000 17.640000000000  9.800000000000  8.0 8.0
   291 Pt  9.800000000000 15.680000000000  9.800000000000  8.0 8.0
   292 Pt  9.800000000000 17.640000000000  7.840000000000  8.0 8.0
   293 Pt  7.840000000000 15.680000000000 11.760000000000  8.0 8.0
   294 Pt  7.840000000000 17.640000000000 13.720000000000  8.0 8.0
   295 Pt  9.800000000000 15.680000000000 13.720000000000  8.0 8.0
   296 Pt  9.800000000000 17.640000000000 11.760000000000  8.0 8.0
   297 Pt  7.840000000000 15.680000000000 15.680000000000  8.0 8.0
   298 Pt  7.840000000000 17.640000000000 17.640000000000  8.0 8.0
   299 Pt  9.800000000000 15.680000000000 17.640000000000  8.0 8.0
   300 Pt  9.800000000000 17.640000000000 15.680000000000  8.0 8.0
   301 Pt 11.760000000000  0.000000000000  0.000000000000  8.0 8.0
   302 Pt 11.760000000000  1.960000000000  1.960000000000  8.0 8.0
   303 Pt 13.720000000000  0.000000000000  1.960000000000  8.0 8.0
   304 Pt 13.720000000000  1.960000000000  0.000000000000  8.0 8.0
   305 Pt 11.760000000000  0.000000000000  3.920000000000  8.0 8.0
   306 Pt 11.760000000000  1.960000000000  5.880000000000  8.0 8.0
   307 Pt 13.720000000000  0.000000000000  5.880000000000  8.0 8.0
   308 Pt 13.720000000000  1.960000000000  3.920000000000  8.0 8.0
   309 Pt 11.760000000000  0.000000000000  7.840000000000  8.0 8.0
   310 Pt 11.760000000000  1.960000000000  9.800000000000  8.0 8.0
   311 Pt 13.720000000000  0.000000000000  9.800000000000  8.0 8.0
   312 Pt 13.720000000000  1.960000000000  7.840000000000  8.0 8.0
   313 Pt 11.760000000000  0.000000000000 11.760000000000  8.0 8.0
   314 Pt 11.760000000000  1.960000000000 13.720000000000  8.0 8.0
   315 Pt 13.720000000000  0.000000000000 13.720000000000  8.0 8.0
   316 Pt 13.720000000000  1.960000000000 11.760000000000  8.0 8.0
   317 Pt 11.760000000000  0.000000000000 15.680000000000  8.0 8.0
   318 Pt 11.760000000000  1.960000000000 17.640000000000  8.0 8.0
   319 Pt 13.720000000000  0.000000000000 17.640000000000  8.0 8.0
   320 Pt 13.720000000000  1.960000000000 15.680000000000  8.0 8.0
   321 Pt 11.760000000000  3.920000000000  0.000000000000  8.0 8.0
   322 Pt 11.760000000000  5.880000000000  1.960000000000  8.0 8.0
   323 Pt 13.720000000000  3.920000000000  1.960000000000  8.0 8.0
   324 Pt 13.720000000000  5.880000000000  0.000000000000  8.0 8.0
   325 Pt 11.760000000000  3.920000000000  3.920000000000  8.0 8.0
   326 Pt 11.760000000000  5.880000000000  5.880000000000  8.0 8.0
   327 Pt 13.720000000000  3.920000000000  5.880000000000  8.0 8.0
   328 Pt 13.720000000000  5.880000000000  3.920000000000  8.0 8.0
   329 Pt 11.760000000000  3.920000000000  7.840000000000  8.0 8.0
   330 Pt 11.760000000000  5.880000000000  9.800000000000  8.0 8.0
   331 Pt 13.720000000000  3.920000000000  9.800000000000  8.0 8.0
   332 Pt 13.720000000000  5.880000000000  7.840000000000  8.0 8.0
   333 Pt 11.760000000000  3.920000000000 11.760000000000  8.0 8.0
   334 Pt 11.760000000000  5.880000000000 13.720000000000  8.0 8.0
   335 Pt 13.720000000000  3.920000000000 13.720000000000  8.0 8.0
   336 Pt 13.720000000000  5.880000000000 11.760000000000  8.0 8.0
   337 Pt 11.760000000000  3.920000000000 15.680000000000  8.0 8.0
   338 Pt 11.760000000000  5.880000000000 17.640000000000  8.0 8.0
   339 Pt 13.720000000000  3.920000000000 17.640000000000  8.0 8.0
   340 Pt 13.720000000000  5.880000000000 15.680000000000  8.0 8.0
   341 Pt 11.760000000000  7.840000000000  0.000000000000  8.0 8.0
   342 Pt 11.760000000000  9.800000000000  1.960000000000  8.0 8.0
   343 Pt 13.720000000000  7.840000000000  1.960000000000  8.0 8.0
   344 Pt 13.720000000000  9.800000000000  0.000000000000  8.0 8.0
   345 Pt 11.760000000000  7.840000000000  3.920000000000  8.0 8.0
   346 Pt 11.760000000000  9.800000000000  5.880000000000  8.0 8.0
   347 Pt 13.720000000000  7.840000000000  5.880000000000  8.0 8.0
   348 Pt 13.720000000000  9.800000000000  3.920000000000  8.0 8.0
   349 Pt 11.760000000000  7.840000000000  7.840000000000  8.0 8.0
   350 Pt 11.760000000000  9.800000000000  9.800000000000  8.0 8.0
   351 Pt 13.720000000000  7.840000000000  9.800000000000  8.0 8.0
   352 Pt 13.720000000000  9.800000000000  7.840000000000  8.0 8.0
   353 Pt 11.760000000000  7.840000000000 11.760000000000  8.0 8.0
   354 Pt 11.760000000000  9.800000000000 13.720000000000  8.0 8.0
   355 Pt 13.720000000000  7.840000000000 13.720000000000  8.0 8.0
   356 Pt 13.720000000000  9.800000000000 11.760000000000  8.0 8.0
   357 Pt 11.760000000000  7.840000000000 15.680000000000  8.0 8.0
   358 Pt 11.760000000000  9.800000000000 17.640000000000  8.0 8.0
   359 Pt 13.720000000000  7.840000000000 17.640000000000  8.0 8.0
   360 Pt 13.720000000000  9.800000000000 15.680000000000  8.0 8.0
   361 Pt 11.760000000000 11.760000000000  0.000000000000  8.0 8.0
   362 Pt 11.760000000000 13.720000000000  1.960000000000  8.0 8.0
   363 Pt 13.720000000000 11.760000000000  1.960000000000  8.0 8.0
   364 Pt 13.720000000000 13.720000000000  0.000000000000  8.0 8.0
   365 Pt 11.760000000000 11.760000000000  3.920000000000  8.0 8.0
   366 Pt 11.760000000000 13.720000000000  5.880000000000  8.0 8.0
   367 Pt 13.720000000000 11.760000000000  5.880000000000  8.0 8.0
   368 Pt 13.720000000000 13.720000000000  3.920000000000  8.0 8.0
   369 Pt 11.760000000000 11.760000000000  7.840000000000  8.0 8.0
   370 Pt 11.760000000000 13.720000000000  9.800000000000  8.0 8.0
   371 Pt 13.720000000000 11.760000000000  9.800000000000  8.0 8.0
   372 Pt 13.720000000000 13.720000000000  7.840000000000  8.0 8.0
   373 Pt 11.760000000000 11.760000000000 11.760000000000  8.0 8.0
   374 Pt 11.760000000000 13.720000000000 13.720000000000  8.0 8.0
   375 Pt 13.720000000000 11.760000000000 13.720000000000  8.0 8.0
   376 Pt 13.720000000000 13.720000000000 11.760000000000  8.0 8.0
   377 Pt 11.760000000000 11.760000000000 15.680000000000  8.0 8.0
   378 Pt 11.760000000000 13.720000000000 17.640000000000  8.0 8.0
   379 Pt 13.720000000000 11.760000000000 17.640000000000  8.0 8.0
   380 Pt 13.720000000000 13.720000000000 15.680000000000  8.0 8.0
   381 Pt 11.760000000000 15.680000000000  0.000000000000  8.0 8.0
   382 Pt 11.760000000000 17.640000000000  1.960000000000  8.0 8.0
   383 Pt 13.720000000000 15.680000000000  1.960000000000  8.0 8.0
   384 Pt 13.720000000000 17.640000000000  0.000000000000  8.0 8.0
   385 Pt 11.760000000000 15.680000000000  3.920000000000  8.0 8.0
   386 Pt 11.760000000000 17.640000000000  5.880000000000  8.0 8.0
   387 Pt 13.720000000000 15.680000000000  5.880000000000  8.0 8.0
   388 Pt 13.720000000000 17.640000000000  3.920000000000  8.0 8.0
   389 Pt 11.760000000000 15.680000000000  7.840000000000  8.0 8.0
   390 Pt 11.760000000000 17.640000000000  9.800000000000  8.0 8.0
   391 Pt 13.720000000000 15.680000000000  9.800000000000  8.0 8.0
   392 Pt 13.720000000000 17.640000000000  7.840000000000  8.0 8.0
   393 Pt 11.760000000000 15.680000000000 11.760000000000  8.0 8.0
   394 Pt 11.760000000000 17.640000000000 13.720000000000  8.0 8.0
   395 Pt 13.720000000000 15.680000000000 13.720000000000  8.0 8.0
   396 Pt 13.720000000000 17.640000000000 11.760000000000  8.0 8.0
   397 Pt 11.760000000000 15.680000000000 15.680000000000  8.0 8.0
   398 Pt 11.760000000000 17.640000000000 17.640000000000  8.0 8.0
   399 Pt 13.720000000000 15.680000000000 17.640000000000  8.0 8.0
   400 Pt 13.720000000000 17.640000000000 15.680000000000  8.0 8.0
   401 Pt 15.680000000000  0.000000000000  0.000000000000  8.0 8.0
   402 Pt 15.680000000000  1.960000000000  1.960000000000  8.0 8.0
   403 Pt 17.640000000000  0.000000000000  1.960000000000  8.0 8.0
   404 Pt 17.640000000000  1.960000000000  0.000000000000  8.0 8.0
   405 Pt 15.680000000000  0.000000000000  3.920000000000  8.0 8.0
   406 Pt 15.680000000000  1.960000000000  5.880000000000  8.0 8.0
   407 Pt 17.640000000000  0.000000000000  5.880000000000  8.0 8.0
   408 Pt 17.640000000000  1.960000000000  3.920000000000  8.0 8.0
   409 Pt 15.680000000000  0.000000000000  7.840000000000  8.0 8.0
   410 Pt 15.680000000000  1.960000000000  9.800000000000  8.0 8.0
   411 Pt 17.640000000000  0.000000000000  9.800000000000  8.0 8.0
   412 Pt 17.640000000000  1.960000000000  7.840000000000  8.0 8.0
   413 Pt 15.680000000000  0.000000000000 11.760000000000  8.0 8.0
   414 Pt 15.680000000000  1.960000000000 13.720000000000  8.0 8.0
   415 Pt 17.640000000000  0.000000000000 13.720000000000  8.0 8.0
   416 Pt 17.640000000000  1.960000000000 11.760000000000  8.0 8.0
   417 Pt 15.680000000000  0.000000000000 15.680000000000  8.0 8.0
   418 Pt 15.680000000000  1.960000000000 17.640000000000  8.0 8.0
   419 Pt 17.640000000000  0.000000000000 17.640000000000  8.0 8.0
   420 Pt 17.640000000000  1.960000000000 15.680000000000  8.0 8.0
   421 Pt 15.680000000000  3.920000000000  0.000000000000  8.0 8.0
   422 Pt 15.680000000000  5.880000000000  1.960000000000  8.0 8.0
   423 Pt 17.640000000000  3.920000000000  1.960000000000  8.0 8.0
   424 Pt 17.640000000000  5.880000000000  0.000000000000  8.0 8.0
   425 Pt 15.680000000000  3.920000000000  3.920000000000  8.0 8.0
   426 Pt 15.680000000000  5.880000000000  5.880000000000  8.0 8.0
   427 Pt 17.640000000000  3.920000000000  5.880000000000  8.0 8.0
   428 Pt 17.640000000000  5.880000000000  3.920000000000  8.0 8.0
   429 Pt 15.680000000000  3.920000000000  7.840000000000  8.0 8.0
   430 Pt 15.680000000000  5.880000000000  9.800000000000  8.0 8.0
   431 Pt 17.640000000000  3.920000000000  9.800000000000  8.0 8.0
   432 Pt 17.640000000000  5.880000000000  7.840000000000  8.0 8.0
   433 Pt 15.680000000000  3.920000000000 11.760000000000  8.0 8.0
   434 Pt 15.680000000000  5.880000000000 13.720000000000  8.0 8.0
   435 Pt 17.640000000000  3.920000000000 13.720000000000  8.0 8.0
   436 Pt 17.640000000000  5.880000000000 11.760000000000  8.0 8.0
   437 Pt 15.680000000000  3.920000000000 15.680000000000  8.0 8.0
   438 Pt 15.680000000000  5.880000000000 17.640000000000  8.0 8.0
   439 Pt 17.640000000000  3.920000000000 17.640000000000  8.0 8.0
   440 Pt 17.640000000000  5.880000000000 15.680000000000  8.0 8.0
   441 Pt 15.680000000000  7.840000000000  0.000000000000  8.0 8.0
   442 Pt 15.680000000000  9.800000000000  1.960000000000  8.0 8.0
   443 Pt 17.640000000000  7.840000000000  1.960000000000  8.0 8.0
   444 Pt 17.640000000000  9.800000000000  0.000000000000  8.0 8.0
   445 Pt 15.680000000000  7.840000000000  3.920000000000  8.0 8.0
   446 Pt 15.680000000000  9.800000000000  5.880000000000  8.0 8.0
   447 Pt 17.640000000000  7.840000000000  5.880000000000  8.0 8.0
   448 Pt 17.640000000000  9.800000000000  3.920000000000  8.0 8.0
   449 Pt 15.680000000000  7.840000000000  7.840000000000  8.0 8.0
   450 Pt 15.680000000000  9.800000000000  9.800000000000  8.0 8.0
   451 Pt 17.640000000000  7.840000000000  9.800000000000  8.0 8.0
   452 Pt 17.640000000000  9.800000000000  7.840000000000  8.0 8.0
   453 Pt 15.680000000000  7.840000000000 11.760000000000  8.0 8.0
   454 Pt 15.680000000000  9.800000000000 13.720000000000  8.0 8.0
   455 Pt 17.640000000000  7.840000000000 13.720000000000  8.0 8.0
   456 Pt 17.640000000000  9.800000000000 11.760000000000  8.0 8.0
   457 Pt 15.680000000000  7.840000000000 15.680000000000  8.0 8.0
   458 Pt 15.680000000000  9.800000000000 17.640000000000  8.0 8.0
   459 Pt 17.640000000000  7.840000000000 17.640000000000  8.0 8.0
   460 Pt 17.640000000000  9.800000000000 15.680000000000  8.0 8.0
   461 Pt 15.680000000000 11.760000000000  0.000000000000  8.0 8.0
   462 Pt 15.680000000000 13.720000000000  1.960000000000  8.0 8.0
   463 Pt 17.640000000000 11.760000000000  1.960000000000  8.0 8.0
   464 Pt 17.640000000000 13.720000000000  0.000000000000  8.0 8.0
   465 Pt 15.680000000000 11.760000000000  3.920000000000  8.0 8.0
   466 Pt 15.680000000000 13.720000000000  5.880000000000  8.0 8.0
   467 Pt 17.640000000000 11.760000000000  5.880000000000  8.0 8.0
   468 Pt 17.640000000000 13.720000000000  3.920000000000  8.0 8.0
   469 Pt 15.680000000000 11.760000000000  7.840000000000  8.0 8.0
   470 Pt 15.680000000000 13.720000000000  9.800000000000  8.0 8.0
   471 Pt 17.640000000000 11.760000000000  9.800000000000  8.0 8.0
   472 Pt 17.640000000000 13.720000000000  7.840000000000  8.0 8.0
   473 Pt 15.680000000000 11.760000000000 11.760000000000  8.0 8.0
   474 Pt 15.680000000000 13.720000000000 13.720000000000  8.0 8.0
   475 Pt 17.640000000000 11.760000000000 13.720000000000  8.0 8.0
   476 Pt 17.640000000000 13.720000000000 11.760000000000  8.0 8.0
   477 Pt 15.680000000000 11.760000000000 15.680000000000  8.0 8.0
   478 Pt 15.680000000000 13.720000000000 17.640000000000  8.0 8.0
   479 Pt 17.640000000000 11.760000000000 17.640000000000  8.0 8.0
   480 Pt 17.640000000000 13.720000000000 15.680000000000  8.0 8.0
   481 Pt 15.680000000000 15.680000000000  0.000000000000  8.0 8.0
   482 Pt 15.680000000000 17.640000000000  1.960000000000  8.0 8.0
   483 Pt 17.640000000000 15.680000000000  1.960000000000  8.0 8.0
   484 Pt 17.640000000000 17.640000000000  0.000000000000  8.0 8.0
   485 Pt 15.680000000000 15.680000000000  3.920000000000  8.0 8.0
   486 Pt 15.680000000000 17.640000000000  5.880000000000  8.0 8.0
   487 Pt 17.640000000000 15.680000000000  5.880000000000  8.0 8.0
   488 Pt 17.640000000000 17.640000000000  3.920000000000  8.0 8.0
   489 Pt 15.680000000000 15.680000000000  7.840000000000  8.0 8.0
   490 Pt 15.680000000000 17.640000000000  9.800000000000  8.0 8.0
   491 Pt 17.640000000000 15.680000000000  9.800000000000  8.0 8.0
   492 Pt 17.640000000000 17.640000000000  7.840000000000  8.0 8.0
   493 Pt 15.680000000000 15.680000000000 11.760000000000  8.0 8.0
   494 Pt 15.680000000000 17.640000000000 13.720000000000  8.0 8.0
   495 Pt 17.640000000000 15.680000000000 13.720000000000  8.0 8.0
   496 Pt 17.640000000000 17.640000000000 11.760000000000  8.0 8.0
   497 Pt 15.680000000000 15.680000000000 15.680000000000  8.0 8.0
   498 Pt 15.680000000000 17.640000000000 17.640000000000  8.0 8.0
   499 Pt 17.640000000000 15.680000000000 17.640000000000  8.0 8.0
   500 Pt 17.640000000000 17.640000000000 15.680000000000  8.0 8.0
Atoms.SpeciesAndCoordinates>
Atoms.UnitVectors.Unit             Ang #  Ang|AU
<Atoms.UnitVectors                     # unit=Ang.
19.600000000000  0.000000000000  0.000000000000
 0.000000000000 19.600000000000  0.000000000000
 0.000000000000  0.000000000000 19.600000000000
Atoms.UnitVectors>

#
# SCF or Electronic System
#

scf.XcType                GGA-PBE      # LDA|LSDA-CA|LSDA-PW
scf.SpinPolarization       off         # On|Off
scf.ElectronicTemperature  700.0       # default=300 (K)
scf.energycutoff           180.0       # default=150 (Ry)
scf.ProExpn.VNA             on         # default=on
scf.maxIter                 300        # default=40
scf.EigenvalueSolver       cluster     # Recursion|Cluster|Band
scf.Kgrid                 1 1 1        # means 4x4x4
scf.Mixing.Type           rmm-diisk    # Simple|Rmm-Diis|Gr-Pulay
scf.Init.Mixing.Weight     0.010       # default=0.30 
scf.Min.Mixing.Weight      0.001       # default=0.001 
scf.Max.Mixing.Weight      0.200       # default=0.40 
scf.Mixing.History          30         # default=5
scf.Mixing.StartPulay       15         # default=6
scf.criterion             1.0e-10      # default=1.0e-6 (Hartree) 

#
# MD or Geometry Optimization
#

MD.Type                     nomd       # Nomd|Opt|DIIS|NVE|NVT_VS|NVT_NH
MD.maxIter                   1         # default=1
MD.TimeStep                0.5         # default=0.5 (fs)
MD.Opt.criterion          1.0e-4       # default=1.0e-4 (Hartree/bohr)
