#
#  Rutile TiO2 including 1050 atoms 
#

System.CurrrentDirectory         ./    # default=./
System.Name                    R-TiO2-1050
level.of.stdout                   1    # default=1 (1-3)
level.of.fileout                  0    # default=1 (1-3)

#
# Definition of Atomic Species
#

Species.Number       2
<Definition.of.Atomic.Species
 Ti   Ti7.0-s3p2d2   Ti_PBE13
 O     O5.0-s2p2d1   O_PBE13
Definition.of.Atomic.Species>

#
# Atoms
#

Atoms.Number        1050
Atoms.SpeciesAndCoordinates.Unit   Ang # Ang|AU
<Atoms.SpeciesAndCoordinates           # Unit=Ang.
     1 Ti  0.000000000000  0.000000000000  0.000000000000  6.0 6.0
     2 Ti  2.297050000000  2.297050000000  1.479450000000  6.0 6.0
     3 O   1.424171000000  1.424171000000  0.000000000000  3.0 3.0
     4 O   3.169929000000  3.169929000000  0.000000000000  3.0 3.0
     5 O   3.721221000000  0.872879000000  1.479450000000  3.0 3.0
     6 O   0.872879000000  3.721221000000  1.479450000000  3.0 3.0
     7 Ti  0.000000000000  0.000000000000  2.958900000000  6.0 6.0
     8 Ti  2.297050000000  2.297050000000  4.438350000000  6.0 6.0
     9 O   1.424171000000  1.424171000000  2.958900000000  3.0 3.0
    10 O   3.169929000000  3.169929000000  2.958900000000  3.0 3.0
    11 O   3.721221000000  0.872879000000  4.438350000000  3.0 3.0
    12 O   0.872879000000  3.721221000000  4.438350000000  3.0 3.0
    13 Ti  0.000000000000  0.000000000000  5.917800000000  6.0 6.0
    14 Ti  2.297050000000  2.297050000000  7.397250000000  6.0 6.0
    15 O   1.424171000000  1.424171000000  5.917800000000  3.0 3.0
    16 O   3.169929000000  3.169929000000  5.917800000000  3.0 3.0
    17 O   3.721221000000  0.872879000000  7.397250000000  3.0 3.0
    18 O   0.872879000000  3.721221000000  7.397250000000  3.0 3.0
    19 Ti  0.000000000000  0.000000000000  8.876700000000  6.0 6.0
    20 Ti  2.297050000000  2.297050000000 10.356150000000  6.0 6.0
    21 O   1.424171000000  1.424171000000  8.876700000000  3.0 3.0
    22 O   3.169929000000  3.169929000000  8.876700000000  3.0 3.0
    23 O   3.721221000000  0.872879000000 10.356150000000  3.0 3.0
    24 O   0.872879000000  3.721221000000 10.356150000000  3.0 3.0
    25 Ti  0.000000000000  0.000000000000 11.835600000000  6.0 6.0
    26 Ti  2.297050000000  2.297050000000 13.315050000000  6.0 6.0
    27 O   1.424171000000  1.424171000000 11.835600000000  3.0 3.0
    28 O   3.169929000000  3.169929000000 11.835600000000  3.0 3.0
    29 O   3.721221000000  0.872879000000 13.315050000000  3.0 3.0
    30 O   0.872879000000  3.721221000000 13.315050000000  3.0 3.0
    31 Ti  0.000000000000  0.000000000000 14.794500000000  6.0 6.0
    32 Ti  2.297050000000  2.297050000000 16.273950000000  6.0 6.0
    33 O   1.424171000000  1.424171000000 14.794500000000  3.0 3.0
    34 O   3.169929000000  3.169929000000 14.794500000000  3.0 3.0
    35 O   3.721221000000  0.872879000000 16.273950000000  3.0 3.0
    36 O   0.872879000000  3.721221000000 16.273950000000  3.0 3.0
    37 Ti  0.000000000000  0.000000000000 17.753400000000  6.0 6.0
    38 Ti  2.297050000000  2.297050000000 19.232850000000  6.0 6.0
    39 O   1.424171000000  1.424171000000 17.753400000000  3.0 3.0
    40 O   3.169929000000  3.169929000000 17.753400000000  3.0 3.0
    41 O   3.721221000000  0.872879000000 19.232850000000  3.0 3.0
    42 O   0.872879000000  3.721221000000 19.232850000000  3.0 3.0
    43 Ti  0.000000000000  4.594100000000  0.000000000000  6.0 6.0
    44 Ti  2.297050000000  6.891150000000  1.479450000000  6.0 6.0
    45 O   1.424171000000  6.018271000000  0.000000000000  3.0 3.0
    46 O   3.169929000000  7.764029000000  0.000000000000  3.0 3.0
    47 O   3.721221000000  5.466979000000  1.479450000000  3.0 3.0
    48 O   0.872879000000  8.315321000000  1.479450000000  3.0 3.0
    49 Ti  0.000000000000  4.594100000000  2.958900000000  6.0 6.0
    50 Ti  2.297050000000  6.891150000000  4.438350000000  6.0 6.0
    51 O   1.424171000000  6.018271000000  2.958900000000  3.0 3.0
    52 O   3.169929000000  7.764029000000  2.958900000000  3.0 3.0
    53 O   3.721221000000  5.466979000000  4.438350000000  3.0 3.0
    54 O   0.872879000000  8.315321000000  4.438350000000  3.0 3.0
    55 Ti  0.000000000000  4.594100000000  5.917800000000  6.0 6.0
    56 Ti  2.297050000000  6.891150000000  7.397250000000  6.0 6.0
    57 O   1.424171000000  6.018271000000  5.917800000000  3.0 3.0
    58 O   3.169929000000  7.764029000000  5.917800000000  3.0 3.0
    59 O   3.721221000000  5.466979000000  7.397250000000  3.0 3.0
    60 O   0.872879000000  8.315321000000  7.397250000000  3.0 3.0
    61 Ti  0.000000000000  4.594100000000  8.876700000000  6.0 6.0
    62 Ti  2.297050000000  6.891150000000 10.356150000000  6.0 6.0
    63 O   1.424171000000  6.018271000000  8.876700000000  3.0 3.0
    64 O   3.169929000000  7.764029000000  8.876700000000  3.0 3.0
    65 O   3.721221000000  5.466979000000 10.356150000000  3.0 3.0
    66 O   0.872879000000  8.315321000000 10.356150000000  3.0 3.0
    67 Ti  0.000000000000  4.594100000000 11.835600000000  6.0 6.0
    68 Ti  2.297050000000  6.891150000000 13.315050000000  6.0 6.0
    69 O   1.424171000000  6.018271000000 11.835600000000  3.0 3.0
    70 O   3.169929000000  7.764029000000 11.835600000000  3.0 3.0
    71 O   3.721221000000  5.466979000000 13.315050000000  3.0 3.0
    72 O   0.872879000000  8.315321000000 13.315050000000  3.0 3.0
    73 Ti  0.000000000000  4.594100000000 14.794500000000  6.0 6.0
    74 Ti  2.297050000000  6.891150000000 16.273950000000  6.0 6.0
    75 O   1.424171000000  6.018271000000 14.794500000000  3.0 3.0
    76 O   3.169929000000  7.764029000000 14.794500000000  3.0 3.0
    77 O   3.721221000000  5.466979000000 16.273950000000  3.0 3.0
    78 O   0.872879000000  8.315321000000 16.273950000000  3.0 3.0
    79 Ti  0.000000000000  4.594100000000 17.753400000000  6.0 6.0
    80 Ti  2.297050000000  6.891150000000 19.232850000000  6.0 6.0
    81 O   1.424171000000  6.018271000000 17.753400000000  3.0 3.0
    82 O   3.169929000000  7.764029000000 17.753400000000  3.0 3.0
    83 O   3.721221000000  5.466979000000 19.232850000000  3.0 3.0
    84 O   0.872879000000  8.315321000000 19.232850000000  3.0 3.0
    85 Ti  0.000000000000  9.188200000000  0.000000000000  6.0 6.0
    86 Ti  2.297050000000 11.485250000000  1.479450000000  6.0 6.0
    87 O   1.424171000000 10.612371000000  0.000000000000  3.0 3.0
    88 O   3.169929000000 12.358129000000  0.000000000000  3.0 3.0
    89 O   3.721221000000 10.061079000000  1.479450000000  3.0 3.0
    90 O   0.872879000000 12.909421000000  1.479450000000  3.0 3.0
    91 Ti  0.000000000000  9.188200000000  2.958900000000  6.0 6.0
    92 Ti  2.297050000000 11.485250000000  4.438350000000  6.0 6.0
    93 O   1.424171000000 10.612371000000  2.958900000000  3.0 3.0
    94 O   3.169929000000 12.358129000000  2.958900000000  3.0 3.0
    95 O   3.721221000000 10.061079000000  4.438350000000  3.0 3.0
    96 O   0.872879000000 12.909421000000  4.438350000000  3.0 3.0
    97 Ti  0.000000000000  9.188200000000  5.917800000000  6.0 6.0
    98 Ti  2.297050000000 11.485250000000  7.397250000000  6.0 6.0
    99 O   1.424171000000 10.612371000000  5.917800000000  3.0 3.0
   100 O   3.169929000000 12.358129000000  5.917800000000  3.0 3.0
   101 O   3.721221000000 10.061079000000  7.397250000000  3.0 3.0
   102 O   0.872879000000 12.909421000000  7.397250000000  3.0 3.0
   103 Ti  0.000000000000  9.188200000000  8.876700000000  6.0 6.0
   104 Ti  2.297050000000 11.485250000000 10.356150000000  6.0 6.0
   105 O   1.424171000000 10.612371000000  8.876700000000  3.0 3.0
   106 O   3.169929000000 12.358129000000  8.876700000000  3.0 3.0
   107 O   3.721221000000 10.061079000000 10.356150000000  3.0 3.0
   108 O   0.872879000000 12.909421000000 10.356150000000  3.0 3.0
   109 Ti  0.000000000000  9.188200000000 11.835600000000  6.0 6.0
   110 Ti  2.297050000000 11.485250000000 13.315050000000  6.0 6.0
   111 O   1.424171000000 10.612371000000 11.835600000000  3.0 3.0
   112 O   3.169929000000 12.358129000000 11.835600000000  3.0 3.0
   113 O   3.721221000000 10.061079000000 13.315050000000  3.0 3.0
   114 O   0.872879000000 12.909421000000 13.315050000000  3.0 3.0
   115 Ti  0.000000000000  9.188200000000 14.794500000000  6.0 6.0
   116 Ti  2.297050000000 11.485250000000 16.273950000000  6.0 6.0
   117 O   1.424171000000 10.612371000000 14.794500000000  3.0 3.0
   118 O   3.169929000000 12.358129000000 14.794500000000  3.0 3.0
   119 O   3.721221000000 10.061079000000 16.273950000000  3.0 3.0
   120 O   0.872879000000 12.909421000000 16.273950000000  3.0 3.0
   121 Ti  0.000000000000  9.188200000000 17.753400000000  6.0 6.0
   122 Ti  2.297050000000 11.485250000000 19.232850000000  6.0 6.0
   123 O   1.424171000000 10.612371000000 17.753400000000  3.0 3.0
   124 O   3.169929000000 12.358129000000 17.753400000000  3.0 3.0
   125 O   3.721221000000 10.061079000000 19.232850000000  3.0 3.0
   126 O   0.872879000000 12.909421000000 19.232850000000  3.0 3.0
   127 Ti  0.000000000000 13.782300000000  0.000000000000  6.0 6.0
   128 Ti  2.297050000000 16.079350000000  1.479450000000  6.0 6.0
   129 O   1.424171000000 15.206471000000  0.000000000000  3.0 3.0
   130 O   3.169929000000 16.952229000000  0.000000000000  3.0 3.0
   131 O   3.721221000000 14.655179000000  1.479450000000  3.0 3.0
   132 O   0.872879000000 17.503521000000  1.479450000000  3.0 3.0
   133 Ti  0.000000000000 13.782300000000  2.958900000000  6.0 6.0
   134 Ti  2.297050000000 16.079350000000  4.438350000000  6.0 6.0
   135 O   1.424171000000 15.206471000000  2.958900000000  3.0 3.0
   136 O   3.169929000000 16.952229000000  2.958900000000  3.0 3.0
   137 O   3.721221000000 14.655179000000  4.438350000000  3.0 3.0
   138 O   0.872879000000 17.503521000000  4.438350000000  3.0 3.0
   139 Ti  0.000000000000 13.782300000000  5.917800000000  6.0 6.0
   140 Ti  2.297050000000 16.079350000000  7.397250000000  6.0 6.0
   141 O   1.424171000000 15.206471000000  5.917800000000  3.0 3.0
   142 O   3.169929000000 16.952229000000  5.917800000000  3.0 3.0
   143 O   3.721221000000 14.655179000000  7.397250000000  3.0 3.0
   144 O   0.872879000000 17.503521000000  7.397250000000  3.0 3.0
   145 Ti  0.000000000000 13.782300000000  8.876700000000  6.0 6.0
   146 Ti  2.297050000000 16.079350000000 10.356150000000  6.0 6.0
   147 O   1.424171000000 15.206471000000  8.876700000000  3.0 3.0
   148 O   3.169929000000 16.952229000000  8.876700000000  3.0 3.0
   149 O   3.721221000000 14.655179000000 10.356150000000  3.0 3.0
   150 O   0.872879000000 17.503521000000 10.356150000000  3.0 3.0
   151 Ti  0.000000000000 13.782300000000 11.835600000000  6.0 6.0
   152 Ti  2.297050000000 16.079350000000 13.315050000000  6.0 6.0
   153 O   1.424171000000 15.206471000000 11.835600000000  3.0 3.0
   154 O   3.169929000000 16.952229000000 11.835600000000  3.0 3.0
   155 O   3.721221000000 14.655179000000 13.315050000000  3.0 3.0
   156 O   0.872879000000 17.503521000000 13.315050000000  3.0 3.0
   157 Ti  0.000000000000 13.782300000000 14.794500000000  6.0 6.0
   158 Ti  2.297050000000 16.079350000000 16.273950000000  6.0 6.0
   159 O   1.424171000000 15.206471000000 14.794500000000  3.0 3.0
   160 O   3.169929000000 16.952229000000 14.794500000000  3.0 3.0
   161 O   3.721221000000 14.655179000000 16.273950000000  3.0 3.0
   162 O   0.872879000000 17.503521000000 16.273950000000  3.0 3.0
   163 Ti  0.000000000000 13.782300000000 17.753400000000  6.0 6.0
   164 Ti  2.297050000000 16.079350000000 19.232850000000  6.0 6.0
   165 O   1.424171000000 15.206471000000 17.753400000000  3.0 3.0
   166 O   3.169929000000 16.952229000000 17.753400000000  3.0 3.0
   167 O   3.721221000000 14.655179000000 19.232850000000  3.0 3.0
   168 O   0.872879000000 17.503521000000 19.232850000000  3.0 3.0
   169 Ti  0.000000000000 18.376400000000  0.000000000000  6.0 6.0
   170 Ti  2.297050000000 20.673450000000  1.479450000000  6.0 6.0
   171 O   1.424171000000 19.800571000000  0.000000000000  3.0 3.0
   172 O   3.169929000000 21.546329000000  0.000000000000  3.0 3.0
   173 O   3.721221000000 19.249279000000  1.479450000000  3.0 3.0
   174 O   0.872879000000 22.097621000000  1.479450000000  3.0 3.0
   175 Ti  0.000000000000 18.376400000000  2.958900000000  6.0 6.0
   176 Ti  2.297050000000 20.673450000000  4.438350000000  6.0 6.0
   177 O   1.424171000000 19.800571000000  2.958900000000  3.0 3.0
   178 O   3.169929000000 21.546329000000  2.958900000000  3.0 3.0
   179 O   3.721221000000 19.249279000000  4.438350000000  3.0 3.0
   180 O   0.872879000000 22.097621000000  4.438350000000  3.0 3.0
   181 Ti  0.000000000000 18.376400000000  5.917800000000  6.0 6.0
   182 Ti  2.297050000000 20.673450000000  7.397250000000  6.0 6.0
   183 O   1.424171000000 19.800571000000  5.917800000000  3.0 3.0
   184 O   3.169929000000 21.546329000000  5.917800000000  3.0 3.0
   185 O   3.721221000000 19.249279000000  7.397250000000  3.0 3.0
   186 O   0.872879000000 22.097621000000  7.397250000000  3.0 3.0
   187 Ti  0.000000000000 18.376400000000  8.876700000000  6.0 6.0
   188 Ti  2.297050000000 20.673450000000 10.356150000000  6.0 6.0
   189 O   1.424171000000 19.800571000000  8.876700000000  3.0 3.0
   190 O   3.169929000000 21.546329000000  8.876700000000  3.0 3.0
   191 O   3.721221000000 19.249279000000 10.356150000000  3.0 3.0
   192 O   0.872879000000 22.097621000000 10.356150000000  3.0 3.0
   193 Ti  0.000000000000 18.376400000000 11.835600000000  6.0 6.0
   194 Ti  2.297050000000 20.673450000000 13.315050000000  6.0 6.0
   195 O   1.424171000000 19.800571000000 11.835600000000  3.0 3.0
   196 O   3.169929000000 21.546329000000 11.835600000000  3.0 3.0
   197 O   3.721221000000 19.249279000000 13.315050000000  3.0 3.0
   198 O   0.872879000000 22.097621000000 13.315050000000  3.0 3.0
   199 Ti  0.000000000000 18.376400000000 14.794500000000  6.0 6.0
   200 Ti  2.297050000000 20.673450000000 16.273950000000  6.0 6.0
   201 O   1.424171000000 19.800571000000 14.794500000000  3.0 3.0
   202 O   3.169929000000 21.546329000000 14.794500000000  3.0 3.0
   203 O   3.721221000000 19.249279000000 16.273950000000  3.0 3.0
   204 O   0.872879000000 22.097621000000 16.273950000000  3.0 3.0
   205 Ti  0.000000000000 18.376400000000 17.753400000000  6.0 6.0
   206 Ti  2.297050000000 20.673450000000 19.232850000000  6.0 6.0
   207 O   1.424171000000 19.800571000000 17.753400000000  3.0 3.0
   208 O   3.169929000000 21.546329000000 17.753400000000  3.0 3.0
   209 O   3.721221000000 19.249279000000 19.232850000000  3.0 3.0
   210 O   0.872879000000 22.097621000000 19.232850000000  3.0 3.0
   211 Ti  4.594100000000  0.000000000000  0.000000000000  6.0 6.0
   212 Ti  6.891150000000  2.297050000000  1.479450000000  6.0 6.0
   213 O   6.018271000000  1.424171000000  0.000000000000  3.0 3.0
   214 O   7.764029000000  3.169929000000  0.000000000000  3.0 3.0
   215 O   8.315321000000  0.872879000000  1.479450000000  3.0 3.0
   216 O   5.466979000000  3.721221000000  1.479450000000  3.0 3.0
   217 Ti  4.594100000000  0.000000000000  2.958900000000  6.0 6.0
   218 Ti  6.891150000000  2.297050000000  4.438350000000  6.0 6.0
   219 O   6.018271000000  1.424171000000  2.958900000000  3.0 3.0
   220 O   7.764029000000  3.169929000000  2.958900000000  3.0 3.0
   221 O   8.315321000000  0.872879000000  4.438350000000  3.0 3.0
   222 O   5.466979000000  3.721221000000  4.438350000000  3.0 3.0
   223 Ti  4.594100000000  0.000000000000  5.917800000000  6.0 6.0
   224 Ti  6.891150000000  2.297050000000  7.397250000000  6.0 6.0
   225 O   6.018271000000  1.424171000000  5.917800000000  3.0 3.0
   226 O   7.764029000000  3.169929000000  5.917800000000  3.0 3.0
   227 O   8.315321000000  0.872879000000  7.397250000000  3.0 3.0
   228 O   5.466979000000  3.721221000000  7.397250000000  3.0 3.0
   229 Ti  4.594100000000  0.000000000000  8.876700000000  6.0 6.0
   230 Ti  6.891150000000  2.297050000000 10.356150000000  6.0 6.0
   231 O   6.018271000000  1.424171000000  8.876700000000  3.0 3.0
   232 O   7.764029000000  3.169929000000  8.876700000000  3.0 3.0
   233 O   8.315321000000  0.872879000000 10.356150000000  3.0 3.0
   234 O   5.466979000000  3.721221000000 10.356150000000  3.0 3.0
   235 Ti  4.594100000000  0.000000000000 11.835600000000  6.0 6.0
   236 Ti  6.891150000000  2.297050000000 13.315050000000  6.0 6.0
   237 O   6.018271000000  1.424171000000 11.835600000000  3.0 3.0
   238 O   7.764029000000  3.169929000000 11.835600000000  3.0 3.0
   239 O   8.315321000000  0.872879000000 13.315050000000  3.0 3.0
   240 O   5.466979000000  3.721221000000 13.315050000000  3.0 3.0
   241 Ti  4.594100000000  0.000000000000 14.794500000000  6.0 6.0
   242 Ti  6.891150000000  2.297050000000 16.273950000000  6.0 6.0
   243 O   6.018271000000  1.424171000000 14.794500000000  3.0 3.0
   244 O   7.764029000000  3.169929000000 14.794500000000  3.0 3.0
   245 O   8.315321000000  0.872879000000 16.273950000000  3.0 3.0
   246 O   5.466979000000  3.721221000000 16.273950000000  3.0 3.0
   247 Ti  4.594100000000  0.000000000000 17.753400000000  6.0 6.0
   248 Ti  6.891150000000  2.297050000000 19.232850000000  6.0 6.0
   249 O   6.018271000000  1.424171000000 17.753400000000  3.0 3.0
   250 O   7.764029000000  3.169929000000 17.753400000000  3.0 3.0
   251 O   8.315321000000  0.872879000000 19.232850000000  3.0 3.0
   252 O   5.466979000000  3.721221000000 19.232850000000  3.0 3.0
   253 Ti  4.594100000000  4.594100000000  0.000000000000  6.0 6.0
   254 Ti  6.891150000000  6.891150000000  1.479450000000  6.0 6.0
   255 O   6.018271000000  6.018271000000  0.000000000000  3.0 3.0
   256 O   7.764029000000  7.764029000000  0.000000000000  3.0 3.0
   257 O   8.315321000000  5.466979000000  1.479450000000  3.0 3.0
   258 O   5.466979000000  8.315321000000  1.479450000000  3.0 3.0
   259 Ti  4.594100000000  4.594100000000  2.958900000000  6.0 6.0
   260 Ti  6.891150000000  6.891150000000  4.438350000000  6.0 6.0
   261 O   6.018271000000  6.018271000000  2.958900000000  3.0 3.0
   262 O   7.764029000000  7.764029000000  2.958900000000  3.0 3.0
   263 O   8.315321000000  5.466979000000  4.438350000000  3.0 3.0
   264 O   5.466979000000  8.315321000000  4.438350000000  3.0 3.0
   265 Ti  4.594100000000  4.594100000000  5.917800000000  6.0 6.0
   266 Ti  6.891150000000  6.891150000000  7.397250000000  6.0 6.0
   267 O   6.018271000000  6.018271000000  5.917800000000  3.0 3.0
   268 O   7.764029000000  7.764029000000  5.917800000000  3.0 3.0
   269 O   8.315321000000  5.466979000000  7.397250000000  3.0 3.0
   270 O   5.466979000000  8.315321000000  7.397250000000  3.0 3.0
   271 Ti  4.594100000000  4.594100000000  8.876700000000  6.0 6.0
   272 Ti  6.891150000000  6.891150000000 10.356150000000  6.0 6.0
   273 O   6.018271000000  6.018271000000  8.876700000000  3.0 3.0
   274 O   7.764029000000  7.764029000000  8.876700000000  3.0 3.0
   275 O   8.315321000000  5.466979000000 10.356150000000  3.0 3.0
   276 O   5.466979000000  8.315321000000 10.356150000000  3.0 3.0
   277 Ti  4.594100000000  4.594100000000 11.835600000000  6.0 6.0
   278 Ti  6.891150000000  6.891150000000 13.315050000000  6.0 6.0
   279 O   6.018271000000  6.018271000000 11.835600000000  3.0 3.0
   280 O   7.764029000000  7.764029000000 11.835600000000  3.0 3.0
   281 O   8.315321000000  5.466979000000 13.315050000000  3.0 3.0
   282 O   5.466979000000  8.315321000000 13.315050000000  3.0 3.0
   283 Ti  4.594100000000  4.594100000000 14.794500000000  6.0 6.0
   284 Ti  6.891150000000  6.891150000000 16.273950000000  6.0 6.0
   285 O   6.018271000000  6.018271000000 14.794500000000  3.0 3.0
   286 O   7.764029000000  7.764029000000 14.794500000000  3.0 3.0
   287 O   8.315321000000  5.466979000000 16.273950000000  3.0 3.0
   288 O   5.466979000000  8.315321000000 16.273950000000  3.0 3.0
   289 Ti  4.594100000000  4.594100000000 17.753400000000  6.0 6.0
   290 Ti  6.891150000000  6.891150000000 19.232850000000  6.0 6.0
   291 O   6.018271000000  6.018271000000 17.753400000000  3.0 3.0
   292 O   7.764029000000  7.764029000000 17.753400000000  3.0 3.0
   293 O   8.315321000000  5.466979000000 19.232850000000  3.0 3.0
   294 O   5.466979000000  8.315321000000 19.232850000000  3.0 3.0
   295 Ti  4.594100000000  9.188200000000  0.000000000000  6.0 6.0
   296 Ti  6.891150000000 11.485250000000  1.479450000000  6.0 6.0
   297 O   6.018271000000 10.612371000000  0.000000000000  3.0 3.0
   298 O   7.764029000000 12.358129000000  0.000000000000  3.0 3.0
   299 O   8.315321000000 10.061079000000  1.479450000000  3.0 3.0
   300 O   5.466979000000 12.909421000000  1.479450000000  3.0 3.0
   301 Ti  4.594100000000  9.188200000000  2.958900000000  6.0 6.0
   302 Ti  6.891150000000 11.485250000000  4.438350000000  6.0 6.0
   303 O   6.018271000000 10.612371000000  2.958900000000  3.0 3.0
   304 O   7.764029000000 12.358129000000  2.958900000000  3.0 3.0
   305 O   8.315321000000 10.061079000000  4.438350000000  3.0 3.0
   306 O   5.466979000000 12.909421000000  4.438350000000  3.0 3.0
   307 Ti  4.594100000000  9.188200000000  5.917800000000  6.0 6.0
   308 Ti  6.891150000000 11.485250000000  7.397250000000  6.0 6.0
   309 O   6.018271000000 10.612371000000  5.917800000000  3.0 3.0
   310 O   7.764029000000 12.358129000000  5.917800000000  3.0 3.0
   311 O   8.315321000000 10.061079000000  7.397250000000  3.0 3.0
   312 O   5.466979000000 12.909421000000  7.397250000000  3.0 3.0
   313 Ti  4.594100000000  9.188200000000  8.876700000000  6.0 6.0
   314 Ti  6.891150000000 11.485250000000 10.356150000000  6.0 6.0
   315 O   6.018271000000 10.612371000000  8.876700000000  3.0 3.0
   316 O   7.764029000000 12.358129000000  8.876700000000  3.0 3.0
   317 O   8.315321000000 10.061079000000 10.356150000000  3.0 3.0
   318 O   5.466979000000 12.909421000000 10.356150000000  3.0 3.0
   319 Ti  4.594100000000  9.188200000000 11.835600000000  6.0 6.0
   320 Ti  6.891150000000 11.485250000000 13.315050000000  6.0 6.0
   321 O   6.018271000000 10.612371000000 11.835600000000  3.0 3.0
   322 O   7.764029000000 12.358129000000 11.835600000000  3.0 3.0
   323 O   8.315321000000 10.061079000000 13.315050000000  3.0 3.0
   324 O   5.466979000000 12.909421000000 13.315050000000  3.0 3.0
   325 Ti  4.594100000000  9.188200000000 14.794500000000  6.0 6.0
   326 Ti  6.891150000000 11.485250000000 16.273950000000  6.0 6.0
   327 O   6.018271000000 10.612371000000 14.794500000000  3.0 3.0
   328 O   7.764029000000 12.358129000000 14.794500000000  3.0 3.0
   329 O   8.315321000000 10.061079000000 16.273950000000  3.0 3.0
   330 O   5.466979000000 12.909421000000 16.273950000000  3.0 3.0
   331 Ti  4.594100000000  9.188200000000 17.753400000000  6.0 6.0
   332 Ti  6.891150000000 11.485250000000 19.232850000000  6.0 6.0
   333 O   6.018271000000 10.612371000000 17.753400000000  3.0 3.0
   334 O   7.764029000000 12.358129000000 17.753400000000  3.0 3.0
   335 O   8.315321000000 10.061079000000 19.232850000000  3.0 3.0
   336 O   5.466979000000 12.909421000000 19.232850000000  3.0 3.0
   337 Ti  4.594100000000 13.782300000000  0.000000000000  6.0 6.0
   338 Ti  6.891150000000 16.079350000000  1.479450000000  6.0 6.0
   339 O   6.018271000000 15.206471000000  0.000000000000  3.0 3.0
   340 O   7.764029000000 16.952229000000  0.000000000000  3.0 3.0
   341 O   8.315321000000 14.655179000000  1.479450000000  3.0 3.0
   342 O   5.466979000000 17.503521000000  1.479450000000  3.0 3.0
   343 Ti  4.594100000000 13.782300000000  2.958900000000  6.0 6.0
   344 Ti  6.891150000000 16.079350000000  4.438350000000  6.0 6.0
   345 O   6.018271000000 15.206471000000  2.958900000000  3.0 3.0
   346 O   7.764029000000 16.952229000000  2.958900000000  3.0 3.0
   347 O   8.315321000000 14.655179000000  4.438350000000  3.0 3.0
   348 O   5.466979000000 17.503521000000  4.438350000000  3.0 3.0
   349 Ti  4.594100000000 13.782300000000  5.917800000000  6.0 6.0
   350 Ti  6.891150000000 16.079350000000  7.397250000000  6.0 6.0
   351 O   6.018271000000 15.206471000000  5.917800000000  3.0 3.0
   352 O   7.764029000000 16.952229000000  5.917800000000  3.0 3.0
   353 O   8.315321000000 14.655179000000  7.397250000000  3.0 3.0
   354 O   5.466979000000 17.503521000000  7.397250000000  3.0 3.0
   355 Ti  4.594100000000 13.782300000000  8.876700000000  6.0 6.0
   356 Ti  6.891150000000 16.079350000000 10.356150000000  6.0 6.0
   357 O   6.018271000000 15.206471000000  8.876700000000  3.0 3.0
   358 O   7.764029000000 16.952229000000  8.876700000000  3.0 3.0
   359 O   8.315321000000 14.655179000000 10.356150000000  3.0 3.0
   360 O   5.466979000000 17.503521000000 10.356150000000  3.0 3.0
   361 Ti  4.594100000000 13.782300000000 11.835600000000  6.0 6.0
   362 Ti  6.891150000000 16.079350000000 13.315050000000  6.0 6.0
   363 O   6.018271000000 15.206471000000 11.835600000000  3.0 3.0
   364 O   7.764029000000 16.952229000000 11.835600000000  3.0 3.0
   365 O   8.315321000000 14.655179000000 13.315050000000  3.0 3.0
   366 O   5.466979000000 17.503521000000 13.315050000000  3.0 3.0
   367 Ti  4.594100000000 13.782300000000 14.794500000000  6.0 6.0
   368 Ti  6.891150000000 16.079350000000 16.273950000000  6.0 6.0
   369 O   6.018271000000 15.206471000000 14.794500000000  3.0 3.0
   370 O   7.764029000000 16.952229000000 14.794500000000  3.0 3.0
   371 O   8.315321000000 14.655179000000 16.273950000000  3.0 3.0
   372 O   5.466979000000 17.503521000000 16.273950000000  3.0 3.0
   373 Ti  4.594100000000 13.782300000000 17.753400000000  6.0 6.0
   374 Ti  6.891150000000 16.079350000000 19.232850000000  6.0 6.0
   375 O   6.018271000000 15.206471000000 17.753400000000  3.0 3.0
   376 O   7.764029000000 16.952229000000 17.753400000000  3.0 3.0
   377 O   8.315321000000 14.655179000000 19.232850000000  3.0 3.0
   378 O   5.466979000000 17.503521000000 19.232850000000  3.0 3.0
   379 Ti  4.594100000000 18.376400000000  0.000000000000  6.0 6.0
   380 Ti  6.891150000000 20.673450000000  1.479450000000  6.0 6.0
   381 O   6.018271000000 19.800571000000  0.000000000000  3.0 3.0
   382 O   7.764029000000 21.546329000000  0.000000000000  3.0 3.0
   383 O   8.315321000000 19.249279000000  1.479450000000  3.0 3.0
   384 O   5.466979000000 22.097621000000  1.479450000000  3.0 3.0
   385 Ti  4.594100000000 18.376400000000  2.958900000000  6.0 6.0
   386 Ti  6.891150000000 20.673450000000  4.438350000000  6.0 6.0
   387 O   6.018271000000 19.800571000000  2.958900000000  3.0 3.0
   388 O   7.764029000000 21.546329000000  2.958900000000  3.0 3.0
   389 O   8.315321000000 19.249279000000  4.438350000000  3.0 3.0
   390 O   5.466979000000 22.097621000000  4.438350000000  3.0 3.0
   391 Ti  4.594100000000 18.376400000000  5.917800000000  6.0 6.0
   392 Ti  6.891150000000 20.673450000000  7.397250000000  6.0 6.0
   393 O   6.018271000000 19.800571000000  5.917800000000  3.0 3.0
   394 O   7.764029000000 21.546329000000  5.917800000000  3.0 3.0
   395 O   8.315321000000 19.249279000000  7.397250000000  3.0 3.0
   396 O   5.466979000000 22.097621000000  7.397250000000  3.0 3.0
   397 Ti  4.594100000000 18.376400000000  8.876700000000  6.0 6.0
   398 Ti  6.891150000000 20.673450000000 10.356150000000  6.0 6.0
   399 O   6.018271000000 19.800571000000  8.876700000000  3.0 3.0
   400 O   7.764029000000 21.546329000000  8.876700000000  3.0 3.0
   401 O   8.315321000000 19.249279000000 10.356150000000  3.0 3.0
   402 O   5.466979000000 22.097621000000 10.356150000000  3.0 3.0
   403 Ti  4.594100000000 18.376400000000 11.835600000000  6.0 6.0
   404 Ti  6.891150000000 20.673450000000 13.315050000000  6.0 6.0
   405 O   6.018271000000 19.800571000000 11.835600000000  3.0 3.0
   406 O   7.764029000000 21.546329000000 11.835600000000  3.0 3.0
   407 O   8.315321000000 19.249279000000 13.315050000000  3.0 3.0
   408 O   5.466979000000 22.097621000000 13.315050000000  3.0 3.0
   409 Ti  4.594100000000 18.376400000000 14.794500000000  6.0 6.0
   410 Ti  6.891150000000 20.673450000000 16.273950000000  6.0 6.0
   411 O   6.018271000000 19.800571000000 14.794500000000  3.0 3.0
   412 O   7.764029000000 21.546329000000 14.794500000000  3.0 3.0
   413 O   8.315321000000 19.249279000000 16.273950000000  3.0 3.0
   414 O   5.466979000000 22.097621000000 16.273950000000  3.0 3.0
   415 Ti  4.594100000000 18.376400000000 17.753400000000  6.0 6.0
   416 Ti  6.891150000000 20.673450000000 19.232850000000  6.0 6.0
   417 O   6.018271000000 19.800571000000 17.753400000000  3.0 3.0
   418 O   7.764029000000 21.546329000000 17.753400000000  3.0 3.0
   419 O   8.315321000000 19.249279000000 19.232850000000  3.0 3.0
   420 O   5.466979000000 22.097621000000 19.232850000000  3.0 3.0
   421 Ti  9.188200000000  0.000000000000  0.000000000000  6.0 6.0
   422 Ti 11.485250000000  2.297050000000  1.479450000000  6.0 6.0
   423 O  10.612371000000  1.424171000000  0.000000000000  3.0 3.0
   424 O  12.358129000000  3.169929000000  0.000000000000  3.0 3.0
   425 O  12.909421000000  0.872879000000  1.479450000000  3.0 3.0
   426 O  10.061079000000  3.721221000000  1.479450000000  3.0 3.0
   427 Ti  9.188200000000  0.000000000000  2.958900000000  6.0 6.0
   428 Ti 11.485250000000  2.297050000000  4.438350000000  6.0 6.0
   429 O  10.612371000000  1.424171000000  2.958900000000  3.0 3.0
   430 O  12.358129000000  3.169929000000  2.958900000000  3.0 3.0
   431 O  12.909421000000  0.872879000000  4.438350000000  3.0 3.0
   432 O  10.061079000000  3.721221000000  4.438350000000  3.0 3.0
   433 Ti  9.188200000000  0.000000000000  5.917800000000  6.0 6.0
   434 Ti 11.485250000000  2.297050000000  7.397250000000  6.0 6.0
   435 O  10.612371000000  1.424171000000  5.917800000000  3.0 3.0
   436 O  12.358129000000  3.169929000000  5.917800000000  3.0 3.0
   437 O  12.909421000000  0.872879000000  7.397250000000  3.0 3.0
   438 O  10.061079000000  3.721221000000  7.397250000000  3.0 3.0
   439 Ti  9.188200000000  0.000000000000  8.876700000000  6.0 6.0
   440 Ti 11.485250000000  2.297050000000 10.356150000000  6.0 6.0
   441 O  10.612371000000  1.424171000000  8.876700000000  3.0 3.0
   442 O  12.358129000000  3.169929000000  8.876700000000  3.0 3.0
   443 O  12.909421000000  0.872879000000 10.356150000000  3.0 3.0
   444 O  10.061079000000  3.721221000000 10.356150000000  3.0 3.0
   445 Ti  9.188200000000  0.000000000000 11.835600000000  6.0 6.0
   446 Ti 11.485250000000  2.297050000000 13.315050000000  6.0 6.0
   447 O  10.612371000000  1.424171000000 11.835600000000  3.0 3.0
   448 O  12.358129000000  3.169929000000 11.835600000000  3.0 3.0
   449 O  12.909421000000  0.872879000000 13.315050000000  3.0 3.0
   450 O  10.061079000000  3.721221000000 13.315050000000  3.0 3.0
   451 Ti  9.188200000000  0.000000000000 14.794500000000  6.0 6.0
   452 Ti 11.485250000000  2.297050000000 16.273950000000  6.0 6.0
   453 O  10.612371000000  1.424171000000 14.794500000000  3.0 3.0
   454 O  12.358129000000  3.169929000000 14.794500000000  3.0 3.0
   455 O  12.909421000000  0.872879000000 16.273950000000  3.0 3.0
   456 O  10.061079000000  3.721221000000 16.273950000000  3.0 3.0
   457 Ti  9.188200000000  0.000000000000 17.753400000000  6.0 6.0
   458 Ti 11.485250000000  2.297050000000 19.232850000000  6.0 6.0
   459 O  10.612371000000  1.424171000000 17.753400000000  3.0 3.0
   460 O  12.358129000000  3.169929000000 17.753400000000  3.0 3.0
   461 O  12.909421000000  0.872879000000 19.232850000000  3.0 3.0
   462 O  10.061079000000  3.721221000000 19.232850000000  3.0 3.0
   463 Ti  9.188200000000  4.594100000000  0.000000000000  6.0 6.0
   464 Ti 11.485250000000  6.891150000000  1.479450000000  6.0 6.0
   465 O  10.612371000000  6.018271000000  0.000000000000  3.0 3.0
   466 O  12.358129000000  7.764029000000  0.000000000000  3.0 3.0
   467 O  12.909421000000  5.466979000000  1.479450000000  3.0 3.0
   468 O  10.061079000000  8.315321000000  1.479450000000  3.0 3.0
   469 Ti  9.188200000000  4.594100000000  2.958900000000  6.0 6.0
   470 Ti 11.485250000000  6.891150000000  4.438350000000  6.0 6.0
   471 O  10.612371000000  6.018271000000  2.958900000000  3.0 3.0
   472 O  12.358129000000  7.764029000000  2.958900000000  3.0 3.0
   473 O  12.909421000000  5.466979000000  4.438350000000  3.0 3.0
   474 O  10.061079000000  8.315321000000  4.438350000000  3.0 3.0
   475 Ti  9.188200000000  4.594100000000  5.917800000000  6.0 6.0
   476 Ti 11.485250000000  6.891150000000  7.397250000000  6.0 6.0
   477 O  10.612371000000  6.018271000000  5.917800000000  3.0 3.0
   478 O  12.358129000000  7.764029000000  5.917800000000  3.0 3.0
   479 O  12.909421000000  5.466979000000  7.397250000000  3.0 3.0
   480 O  10.061079000000  8.315321000000  7.397250000000  3.0 3.0
   481 Ti  9.188200000000  4.594100000000  8.876700000000  6.0 6.0
   482 Ti 11.485250000000  6.891150000000 10.356150000000  6.0 6.0
   483 O  10.612371000000  6.018271000000  8.876700000000  3.0 3.0
   484 O  12.358129000000  7.764029000000  8.876700000000  3.0 3.0
   485 O  12.909421000000  5.466979000000 10.356150000000  3.0 3.0
   486 O  10.061079000000  8.315321000000 10.356150000000  3.0 3.0
   487 Ti  9.188200000000  4.594100000000 11.835600000000  6.0 6.0
   488 Ti 11.485250000000  6.891150000000 13.315050000000  6.0 6.0
   489 O  10.612371000000  6.018271000000 11.835600000000  3.0 3.0
   490 O  12.358129000000  7.764029000000 11.835600000000  3.0 3.0
   491 O  12.909421000000  5.466979000000 13.315050000000  3.0 3.0
   492 O  10.061079000000  8.315321000000 13.315050000000  3.0 3.0
   493 Ti  9.188200000000  4.594100000000 14.794500000000  6.0 6.0
   494 Ti 11.485250000000  6.891150000000 16.273950000000  6.0 6.0
   495 O  10.612371000000  6.018271000000 14.794500000000  3.0 3.0
   496 O  12.358129000000  7.764029000000 14.794500000000  3.0 3.0
   497 O  12.909421000000  5.466979000000 16.273950000000  3.0 3.0
   498 O  10.061079000000  8.315321000000 16.273950000000  3.0 3.0
   499 Ti  9.188200000000  4.594100000000 17.753400000000  6.0 6.0
   500 Ti 11.485250000000  6.891150000000 19.232850000000  6.0 6.0
   501 O  10.612371000000  6.018271000000 17.753400000000  3.0 3.0
   502 O  12.358129000000  7.764029000000 17.753400000000  3.0 3.0
   503 O  12.909421000000  5.466979000000 19.232850000000  3.0 3.0
   504 O  10.061079000000  8.315321000000 19.232850000000  3.0 3.0
   505 Ti  9.188200000000  9.188200000000  0.000000000000  6.0 6.0
   506 Ti 11.485250000000 11.485250000000  1.479450000000  6.0 6.0
   507 O  10.612371000000 10.612371000000  0.000000000000  3.0 3.0
   508 O  12.358129000000 12.358129000000  0.000000000000  3.0 3.0
   509 O  12.909421000000 10.061079000000  1.479450000000  3.0 3.0
   510 O  10.061079000000 12.909421000000  1.479450000000  3.0 3.0
   511 Ti  9.188200000000  9.188200000000  2.958900000000  6.0 6.0
   512 Ti 11.485250000000 11.485250000000  4.438350000000  6.0 6.0
   513 O  10.612371000000 10.612371000000  2.958900000000  3.0 3.0
   514 O  12.358129000000 12.358129000000  2.958900000000  3.0 3.0
   515 O  12.909421000000 10.061079000000  4.438350000000  3.0 3.0
   516 O  10.061079000000 12.909421000000  4.438350000000  3.0 3.0
   517 Ti  9.188200000000  9.188200000000  5.917800000000  6.0 6.0
   518 Ti 11.485250000000 11.485250000000  7.397250000000  6.0 6.0
   519 O  10.612371000000 10.612371000000  5.917800000000  3.0 3.0
   520 O  12.358129000000 12.358129000000  5.917800000000  3.0 3.0
   521 O  12.909421000000 10.061079000000  7.397250000000  3.0 3.0
   522 O  10.061079000000 12.909421000000  7.397250000000  3.0 3.0
   523 Ti  9.188200000000  9.188200000000  8.876700000000  6.0 6.0
   524 Ti 11.485250000000 11.485250000000 10.356150000000  6.0 6.0
   525 O  10.612371000000 10.612371000000  8.876700000000  3.0 3.0
   526 O  12.358129000000 12.358129000000  8.876700000000  3.0 3.0
   527 O  12.909421000000 10.061079000000 10.356150000000  3.0 3.0
   528 O  10.061079000000 12.909421000000 10.356150000000  3.0 3.0
   529 Ti  9.188200000000  9.188200000000 11.835600000000  6.0 6.0
   530 Ti 11.485250000000 11.485250000000 13.315050000000  6.0 6.0
   531 O  10.612371000000 10.612371000000 11.835600000000  3.0 3.0
   532 O  12.358129000000 12.358129000000 11.835600000000  3.0 3.0
   533 O  12.909421000000 10.061079000000 13.315050000000  3.0 3.0
   534 O  10.061079000000 12.909421000000 13.315050000000  3.0 3.0
   535 Ti  9.188200000000  9.188200000000 14.794500000000  6.0 6.0
   536 Ti 11.485250000000 11.485250000000 16.273950000000  6.0 6.0
   537 O  10.612371000000 10.612371000000 14.794500000000  3.0 3.0
   538 O  12.358129000000 12.358129000000 14.794500000000  3.0 3.0
   539 O  12.909421000000 10.061079000000 16.273950000000  3.0 3.0
   540 O  10.061079000000 12.909421000000 16.273950000000  3.0 3.0
   541 Ti  9.188200000000  9.188200000000 17.753400000000  6.0 6.0
   542 Ti 11.485250000000 11.485250000000 19.232850000000  6.0 6.0
   543 O  10.612371000000 10.612371000000 17.753400000000  3.0 3.0
   544 O  12.358129000000 12.358129000000 17.753400000000  3.0 3.0
   545 O  12.909421000000 10.061079000000 19.232850000000  3.0 3.0
   546 O  10.061079000000 12.909421000000 19.232850000000  3.0 3.0
   547 Ti  9.188200000000 13.782300000000  0.000000000000  6.0 6.0
   548 Ti 11.485250000000 16.079350000000  1.479450000000  6.0 6.0
   549 O  10.612371000000 15.206471000000  0.000000000000  3.0 3.0
   550 O  12.358129000000 16.952229000000  0.000000000000  3.0 3.0
   551 O  12.909421000000 14.655179000000  1.479450000000  3.0 3.0
   552 O  10.061079000000 17.503521000000  1.479450000000  3.0 3.0
   553 Ti  9.188200000000 13.782300000000  2.958900000000  6.0 6.0
   554 Ti 11.485250000000 16.079350000000  4.438350000000  6.0 6.0
   555 O  10.612371000000 15.206471000000  2.958900000000  3.0 3.0
   556 O  12.358129000000 16.952229000000  2.958900000000  3.0 3.0
   557 O  12.909421000000 14.655179000000  4.438350000000  3.0 3.0
   558 O  10.061079000000 17.503521000000  4.438350000000  3.0 3.0
   559 Ti  9.188200000000 13.782300000000  5.917800000000  6.0 6.0
   560 Ti 11.485250000000 16.079350000000  7.397250000000  6.0 6.0
   561 O  10.612371000000 15.206471000000  5.917800000000  3.0 3.0
   562 O  12.358129000000 16.952229000000  5.917800000000  3.0 3.0
   563 O  12.909421000000 14.655179000000  7.397250000000  3.0 3.0
   564 O  10.061079000000 17.503521000000  7.397250000000  3.0 3.0
   565 Ti  9.188200000000 13.782300000000  8.876700000000  6.0 6.0
   566 Ti 11.485250000000 16.079350000000 10.356150000000  6.0 6.0
   567 O  10.612371000000 15.206471000000  8.876700000000  3.0 3.0
   568 O  12.358129000000 16.952229000000  8.876700000000  3.0 3.0
   569 O  12.909421000000 14.655179000000 10.356150000000  3.0 3.0
   570 O  10.061079000000 17.503521000000 10.356150000000  3.0 3.0
   571 Ti  9.188200000000 13.782300000000 11.835600000000  6.0 6.0
   572 Ti 11.485250000000 16.079350000000 13.315050000000  6.0 6.0
   573 O  10.612371000000 15.206471000000 11.835600000000  3.0 3.0
   574 O  12.358129000000 16.952229000000 11.835600000000  3.0 3.0
   575 O  12.909421000000 14.655179000000 13.315050000000  3.0 3.0
   576 O  10.061079000000 17.503521000000 13.315050000000  3.0 3.0
   577 Ti  9.188200000000 13.782300000000 14.794500000000  6.0 6.0
   578 Ti 11.485250000000 16.079350000000 16.273950000000  6.0 6.0
   579 O  10.612371000000 15.206471000000 14.794500000000  3.0 3.0
   580 O  12.358129000000 16.952229000000 14.794500000000  3.0 3.0
   581 O  12.909421000000 14.655179000000 16.273950000000  3.0 3.0
   582 O  10.061079000000 17.503521000000 16.273950000000  3.0 3.0
   583 Ti  9.188200000000 13.782300000000 17.753400000000  6.0 6.0
   584 Ti 11.485250000000 16.079350000000 19.232850000000  6.0 6.0
   585 O  10.612371000000 15.206471000000 17.753400000000  3.0 3.0
   586 O  12.358129000000 16.952229000000 17.753400000000  3.0 3.0
   587 O  12.909421000000 14.655179000000 19.232850000000  3.0 3.0
   588 O  10.061079000000 17.503521000000 19.232850000000  3.0 3.0
   589 Ti  9.188200000000 18.376400000000  0.000000000000  6.0 6.0
   590 Ti 11.485250000000 20.673450000000  1.479450000000  6.0 6.0
   591 O  10.612371000000 19.800571000000  0.000000000000  3.0 3.0
   592 O  12.358129000000 21.546329000000  0.000000000000  3.0 3.0
   593 O  12.909421000000 19.249279000000  1.479450000000  3.0 3.0
   594 O  10.061079000000 22.097621000000  1.479450000000  3.0 3.0
   595 Ti  9.188200000000 18.376400000000  2.958900000000  6.0 6.0
   596 Ti 11.485250000000 20.673450000000  4.438350000000  6.0 6.0
   597 O  10.612371000000 19.800571000000  2.958900000000  3.0 3.0
   598 O  12.358129000000 21.546329000000  2.958900000000  3.0 3.0
   599 O  12.909421000000 19.249279000000  4.438350000000  3.0 3.0
   600 O  10.061079000000 22.097621000000  4.438350000000  3.0 3.0
   601 Ti  9.188200000000 18.376400000000  5.917800000000  6.0 6.0
   602 Ti 11.485250000000 20.673450000000  7.397250000000  6.0 6.0
   603 O  10.612371000000 19.800571000000  5.917800000000  3.0 3.0
   604 O  12.358129000000 21.546329000000  5.917800000000  3.0 3.0
   605 O  12.909421000000 19.249279000000  7.397250000000  3.0 3.0
   606 O  10.061079000000 22.097621000000  7.397250000000  3.0 3.0
   607 Ti  9.188200000000 18.376400000000  8.876700000000  6.0 6.0
   608 Ti 11.485250000000 20.673450000000 10.356150000000  6.0 6.0
   609 O  10.612371000000 19.800571000000  8.876700000000  3.0 3.0
   610 O  12.358129000000 21.546329000000  8.876700000000  3.0 3.0
   611 O  12.909421000000 19.249279000000 10.356150000000  3.0 3.0
   612 O  10.061079000000 22.097621000000 10.356150000000  3.0 3.0
   613 Ti  9.188200000000 18.376400000000 11.835600000000  6.0 6.0
   614 Ti 11.485250000000 20.673450000000 13.315050000000  6.0 6.0
   615 O  10.612371000000 19.800571000000 11.835600000000  3.0 3.0
   616 O  12.358129000000 21.546329000000 11.835600000000  3.0 3.0
   617 O  12.909421000000 19.249279000000 13.315050000000  3.0 3.0
   618 O  10.061079000000 22.097621000000 13.315050000000  3.0 3.0
   619 Ti  9.188200000000 18.376400000000 14.794500000000  6.0 6.0
   620 Ti 11.485250000000 20.673450000000 16.273950000000  6.0 6.0
   621 O  10.612371000000 19.800571000000 14.794500000000  3.0 3.0
   622 O  12.358129000000 21.546329000000 14.794500000000  3.0 3.0
   623 O  12.909421000000 19.249279000000 16.273950000000  3.0 3.0
   624 O  10.061079000000 22.097621000000 16.273950000000  3.0 3.0
   625 Ti  9.188200000000 18.376400000000 17.753400000000  6.0 6.0
   626 Ti 11.485250000000 20.673450000000 19.232850000000  6.0 6.0
   627 O  10.612371000000 19.800571000000 17.753400000000  3.0 3.0
   628 O  12.358129000000 21.546329000000 17.753400000000  3.0 3.0
   629 O  12.909421000000 19.249279000000 19.232850000000  3.0 3.0
   630 O  10.061079000000 22.097621000000 19.232850000000  3.0 3.0
   631 Ti 13.782300000000  0.000000000000  0.000000000000  6.0 6.0
   632 Ti 16.079350000000  2.297050000000  1.479450000000  6.0 6.0
   633 O  15.206471000000  1.424171000000  0.000000000000  3.0 3.0
   634 O  16.952229000000  3.169929000000  0.000000000000  3.0 3.0
   635 O  17.503521000000  0.872879000000  1.479450000000  3.0 3.0
   636 O  14.655179000000  3.721221000000  1.479450000000  3.0 3.0
   637 Ti 13.782300000000  0.000000000000  2.958900000000  6.0 6.0
   638 Ti 16.079350000000  2.297050000000  4.438350000000  6.0 6.0
   639 O  15.206471000000  1.424171000000  2.958900000000  3.0 3.0
   640 O  16.952229000000  3.169929000000  2.958900000000  3.0 3.0
   641 O  17.503521000000  0.872879000000  4.438350000000  3.0 3.0
   642 O  14.655179000000  3.721221000000  4.438350000000  3.0 3.0
   643 Ti 13.782300000000  0.000000000000  5.917800000000  6.0 6.0
   644 Ti 16.079350000000  2.297050000000  7.397250000000  6.0 6.0
   645 O  15.206471000000  1.424171000000  5.917800000000  3.0 3.0
   646 O  16.952229000000  3.169929000000  5.917800000000  3.0 3.0
   647 O  17.503521000000  0.872879000000  7.397250000000  3.0 3.0
   648 O  14.655179000000  3.721221000000  7.397250000000  3.0 3.0
   649 Ti 13.782300000000  0.000000000000  8.876700000000  6.0 6.0
   650 Ti 16.079350000000  2.297050000000 10.356150000000  6.0 6.0
   651 O  15.206471000000  1.424171000000  8.876700000000  3.0 3.0
   652 O  16.952229000000  3.169929000000  8.876700000000  3.0 3.0
   653 O  17.503521000000  0.872879000000 10.356150000000  3.0 3.0
   654 O  14.655179000000  3.721221000000 10.356150000000  3.0 3.0
   655 Ti 13.782300000000  0.000000000000 11.835600000000  6.0 6.0
   656 Ti 16.079350000000  2.297050000000 13.315050000000  6.0 6.0
   657 O  15.206471000000  1.424171000000 11.835600000000  3.0 3.0
   658 O  16.952229000000  3.169929000000 11.835600000000  3.0 3.0
   659 O  17.503521000000  0.872879000000 13.315050000000  3.0 3.0
   660 O  14.655179000000  3.721221000000 13.315050000000  3.0 3.0
   661 Ti 13.782300000000  0.000000000000 14.794500000000  6.0 6.0
   662 Ti 16.079350000000  2.297050000000 16.273950000000  6.0 6.0
   663 O  15.206471000000  1.424171000000 14.794500000000  3.0 3.0
   664 O  16.952229000000  3.169929000000 14.794500000000  3.0 3.0
   665 O  17.503521000000  0.872879000000 16.273950000000  3.0 3.0
   666 O  14.655179000000  3.721221000000 16.273950000000  3.0 3.0
   667 Ti 13.782300000000  0.000000000000 17.753400000000  6.0 6.0
   668 Ti 16.079350000000  2.297050000000 19.232850000000  6.0 6.0
   669 O  15.206471000000  1.424171000000 17.753400000000  3.0 3.0
   670 O  16.952229000000  3.169929000000 17.753400000000  3.0 3.0
   671 O  17.503521000000  0.872879000000 19.232850000000  3.0 3.0
   672 O  14.655179000000  3.721221000000 19.232850000000  3.0 3.0
   673 Ti 13.782300000000  4.594100000000  0.000000000000  6.0 6.0
   674 Ti 16.079350000000  6.891150000000  1.479450000000  6.0 6.0
   675 O  15.206471000000  6.018271000000  0.000000000000  3.0 3.0
   676 O  16.952229000000  7.764029000000  0.000000000000  3.0 3.0
   677 O  17.503521000000  5.466979000000  1.479450000000  3.0 3.0
   678 O  14.655179000000  8.315321000000  1.479450000000  3.0 3.0
   679 Ti 13.782300000000  4.594100000000  2.958900000000  6.0 6.0
   680 Ti 16.079350000000  6.891150000000  4.438350000000  6.0 6.0
   681 O  15.206471000000  6.018271000000  2.958900000000  3.0 3.0
   682 O  16.952229000000  7.764029000000  2.958900000000  3.0 3.0
   683 O  17.503521000000  5.466979000000  4.438350000000  3.0 3.0
   684 O  14.655179000000  8.315321000000  4.438350000000  3.0 3.0
   685 Ti 13.782300000000  4.594100000000  5.917800000000  6.0 6.0
   686 Ti 16.079350000000  6.891150000000  7.397250000000  6.0 6.0
   687 O  15.206471000000  6.018271000000  5.917800000000  3.0 3.0
   688 O  16.952229000000  7.764029000000  5.917800000000  3.0 3.0
   689 O  17.503521000000  5.466979000000  7.397250000000  3.0 3.0
   690 O  14.655179000000  8.315321000000  7.397250000000  3.0 3.0
   691 Ti 13.782300000000  4.594100000000  8.876700000000  6.0 6.0
   692 Ti 16.079350000000  6.891150000000 10.356150000000  6.0 6.0
   693 O  15.206471000000  6.018271000000  8.876700000000  3.0 3.0
   694 O  16.952229000000  7.764029000000  8.876700000000  3.0 3.0
   695 O  17.503521000000  5.466979000000 10.356150000000  3.0 3.0
   696 O  14.655179000000  8.315321000000 10.356150000000  3.0 3.0
   697 Ti 13.782300000000  4.594100000000 11.835600000000  6.0 6.0
   698 Ti 16.079350000000  6.891150000000 13.315050000000  6.0 6.0
   699 O  15.206471000000  6.018271000000 11.835600000000  3.0 3.0
   700 O  16.952229000000  7.764029000000 11.835600000000  3.0 3.0
   701 O  17.503521000000  5.466979000000 13.315050000000  3.0 3.0
   702 O  14.655179000000  8.315321000000 13.315050000000  3.0 3.0
   703 Ti 13.782300000000  4.594100000000 14.794500000000  6.0 6.0
   704 Ti 16.079350000000  6.891150000000 16.273950000000  6.0 6.0
   705 O  15.206471000000  6.018271000000 14.794500000000  3.0 3.0
   706 O  16.952229000000  7.764029000000 14.794500000000  3.0 3.0
   707 O  17.503521000000  5.466979000000 16.273950000000  3.0 3.0
   708 O  14.655179000000  8.315321000000 16.273950000000  3.0 3.0
   709 Ti 13.782300000000  4.594100000000 17.753400000000  6.0 6.0
   710 Ti 16.079350000000  6.891150000000 19.232850000000  6.0 6.0
   711 O  15.206471000000  6.018271000000 17.753400000000  3.0 3.0
   712 O  16.952229000000  7.764029000000 17.753400000000  3.0 3.0
   713 O  17.503521000000  5.466979000000 19.232850000000  3.0 3.0
   714 O  14.655179000000  8.315321000000 19.232850000000  3.0 3.0
   715 Ti 13.782300000000  9.188200000000  0.000000000000  6.0 6.0
   716 Ti 16.079350000000 11.485250000000  1.479450000000  6.0 6.0
   717 O  15.206471000000 10.612371000000  0.000000000000  3.0 3.0
   718 O  16.952229000000 12.358129000000  0.000000000000  3.0 3.0
   719 O  17.503521000000 10.061079000000  1.479450000000  3.0 3.0
   720 O  14.655179000000 12.909421000000  1.479450000000  3.0 3.0
   721 Ti 13.782300000000  9.188200000000  2.958900000000  6.0 6.0
   722 Ti 16.079350000000 11.485250000000  4.438350000000  6.0 6.0
   723 O  15.206471000000 10.612371000000  2.958900000000  3.0 3.0
   724 O  16.952229000000 12.358129000000  2.958900000000  3.0 3.0
   725 O  17.503521000000 10.061079000000  4.438350000000  3.0 3.0
   726 O  14.655179000000 12.909421000000  4.438350000000  3.0 3.0
   727 Ti 13.782300000000  9.188200000000  5.917800000000  6.0 6.0
   728 Ti 16.079350000000 11.485250000000  7.397250000000  6.0 6.0
   729 O  15.206471000000 10.612371000000  5.917800000000  3.0 3.0
   730 O  16.952229000000 12.358129000000  5.917800000000  3.0 3.0
   731 O  17.503521000000 10.061079000000  7.397250000000  3.0 3.0
   732 O  14.655179000000 12.909421000000  7.397250000000  3.0 3.0
   733 Ti 13.782300000000  9.188200000000  8.876700000000  6.0 6.0
   734 Ti 16.079350000000 11.485250000000 10.356150000000  6.0 6.0
   735 O  15.206471000000 10.612371000000  8.876700000000  3.0 3.0
   736 O  16.952229000000 12.358129000000  8.876700000000  3.0 3.0
   737 O  17.503521000000 10.061079000000 10.356150000000  3.0 3.0
   738 O  14.655179000000 12.909421000000 10.356150000000  3.0 3.0
   739 Ti 13.782300000000  9.188200000000 11.835600000000  6.0 6.0
   740 Ti 16.079350000000 11.485250000000 13.315050000000  6.0 6.0
   741 O  15.206471000000 10.612371000000 11.835600000000  3.0 3.0
   742 O  16.952229000000 12.358129000000 11.835600000000  3.0 3.0
   743 O  17.503521000000 10.061079000000 13.315050000000  3.0 3.0
   744 O  14.655179000000 12.909421000000 13.315050000000  3.0 3.0
   745 Ti 13.782300000000  9.188200000000 14.794500000000  6.0 6.0
   746 Ti 16.079350000000 11.485250000000 16.273950000000  6.0 6.0
   747 O  15.206471000000 10.612371000000 14.794500000000  3.0 3.0
   748 O  16.952229000000 12.358129000000 14.794500000000  3.0 3.0
   749 O  17.503521000000 10.061079000000 16.273950000000  3.0 3.0
   750 O  14.655179000000 12.909421000000 16.273950000000  3.0 3.0
   751 Ti 13.782300000000  9.188200000000 17.753400000000  6.0 6.0
   752 Ti 16.079350000000 11.485250000000 19.232850000000  6.0 6.0
   753 O  15.206471000000 10.612371000000 17.753400000000  3.0 3.0
   754 O  16.952229000000 12.358129000000 17.753400000000  3.0 3.0
   755 O  17.503521000000 10.061079000000 19.232850000000  3.0 3.0
   756 O  14.655179000000 12.909421000000 19.232850000000  3.0 3.0
   757 Ti 13.782300000000 13.782300000000  0.000000000000  6.0 6.0
   758 Ti 16.079350000000 16.079350000000  1.479450000000  6.0 6.0
   759 O  15.206471000000 15.206471000000  0.000000000000  3.0 3.0
   760 O  16.952229000000 16.952229000000  0.000000000000  3.0 3.0
   761 O  17.503521000000 14.655179000000  1.479450000000  3.0 3.0
   762 O  14.655179000000 17.503521000000  1.479450000000  3.0 3.0
   763 Ti 13.782300000000 13.782300000000  2.958900000000  6.0 6.0
   764 Ti 16.079350000000 16.079350000000  4.438350000000  6.0 6.0
   765 O  15.206471000000 15.206471000000  2.958900000000  3.0 3.0
   766 O  16.952229000000 16.952229000000  2.958900000000  3.0 3.0
   767 O  17.503521000000 14.655179000000  4.438350000000  3.0 3.0
   768 O  14.655179000000 17.503521000000  4.438350000000  3.0 3.0
   769 Ti 13.782300000000 13.782300000000  5.917800000000  6.0 6.0
   770 Ti 16.079350000000 16.079350000000  7.397250000000  6.0 6.0
   771 O  15.206471000000 15.206471000000  5.917800000000  3.0 3.0
   772 O  16.952229000000 16.952229000000  5.917800000000  3.0 3.0
   773 O  17.503521000000 14.655179000000  7.397250000000  3.0 3.0
   774 O  14.655179000000 17.503521000000  7.397250000000  3.0 3.0
   775 Ti 13.782300000000 13.782300000000  8.876700000000  6.0 6.0
   776 Ti 16.079350000000 16.079350000000 10.356150000000  6.0 6.0
   777 O  15.206471000000 15.206471000000  8.876700000000  3.0 3.0
   778 O  16.952229000000 16.952229000000  8.876700000000  3.0 3.0
   779 O  17.503521000000 14.655179000000 10.356150000000  3.0 3.0
   780 O  14.655179000000 17.503521000000 10.356150000000  3.0 3.0
   781 Ti 13.782300000000 13.782300000000 11.835600000000  6.0 6.0
   782 Ti 16.079350000000 16.079350000000 13.315050000000  6.0 6.0
   783 O  15.206471000000 15.206471000000 11.835600000000  3.0 3.0
   784 O  16.952229000000 16.952229000000 11.835600000000  3.0 3.0
   785 O  17.503521000000 14.655179000000 13.315050000000  3.0 3.0
   786 O  14.655179000000 17.503521000000 13.315050000000  3.0 3.0
   787 Ti 13.782300000000 13.782300000000 14.794500000000  6.0 6.0
   788 Ti 16.079350000000 16.079350000000 16.273950000000  6.0 6.0
   789 O  15.206471000000 15.206471000000 14.794500000000  3.0 3.0
   790 O  16.952229000000 16.952229000000 14.794500000000  3.0 3.0
   791 O  17.503521000000 14.655179000000 16.273950000000  3.0 3.0
   792 O  14.655179000000 17.503521000000 16.273950000000  3.0 3.0
   793 Ti 13.782300000000 13.782300000000 17.753400000000  6.0 6.0
   794 Ti 16.079350000000 16.079350000000 19.232850000000  6.0 6.0
   795 O  15.206471000000 15.206471000000 17.753400000000  3.0 3.0
   796 O  16.952229000000 16.952229000000 17.753400000000  3.0 3.0
   797 O  17.503521000000 14.655179000000 19.232850000000  3.0 3.0
   798 O  14.655179000000 17.503521000000 19.232850000000  3.0 3.0
   799 Ti 13.782300000000 18.376400000000  0.000000000000  6.0 6.0
   800 Ti 16.079350000000 20.673450000000  1.479450000000  6.0 6.0
   801 O  15.206471000000 19.800571000000  0.000000000000  3.0 3.0
   802 O  16.952229000000 21.546329000000  0.000000000000  3.0 3.0
   803 O  17.503521000000 19.249279000000  1.479450000000  3.0 3.0
   804 O  14.655179000000 22.097621000000  1.479450000000  3.0 3.0
   805 Ti 13.782300000000 18.376400000000  2.958900000000  6.0 6.0
   806 Ti 16.079350000000 20.673450000000  4.438350000000  6.0 6.0
   807 O  15.206471000000 19.800571000000  2.958900000000  3.0 3.0
   808 O  16.952229000000 21.546329000000  2.958900000000  3.0 3.0
   809 O  17.503521000000 19.249279000000  4.438350000000  3.0 3.0
   810 O  14.655179000000 22.097621000000  4.438350000000  3.0 3.0
   811 Ti 13.782300000000 18.376400000000  5.917800000000  6.0 6.0
   812 Ti 16.079350000000 20.673450000000  7.397250000000  6.0 6.0
   813 O  15.206471000000 19.800571000000  5.917800000000  3.0 3.0
   814 O  16.952229000000 21.546329000000  5.917800000000  3.0 3.0
   815 O  17.503521000000 19.249279000000  7.397250000000  3.0 3.0
   816 O  14.655179000000 22.097621000000  7.397250000000  3.0 3.0
   817 Ti 13.782300000000 18.376400000000  8.876700000000  6.0 6.0
   818 Ti 16.079350000000 20.673450000000 10.356150000000  6.0 6.0
   819 O  15.206471000000 19.800571000000  8.876700000000  3.0 3.0
   820 O  16.952229000000 21.546329000000  8.876700000000  3.0 3.0
   821 O  17.503521000000 19.249279000000 10.356150000000  3.0 3.0
   822 O  14.655179000000 22.097621000000 10.356150000000  3.0 3.0
   823 Ti 13.782300000000 18.376400000000 11.835600000000  6.0 6.0
   824 Ti 16.079350000000 20.673450000000 13.315050000000  6.0 6.0
   825 O  15.206471000000 19.800571000000 11.835600000000  3.0 3.0
   826 O  16.952229000000 21.546329000000 11.835600000000  3.0 3.0
   827 O  17.503521000000 19.249279000000 13.315050000000  3.0 3.0
   828 O  14.655179000000 22.097621000000 13.315050000000  3.0 3.0
   829 Ti 13.782300000000 18.376400000000 14.794500000000  6.0 6.0
   830 Ti 16.079350000000 20.673450000000 16.273950000000  6.0 6.0
   831 O  15.206471000000 19.800571000000 14.794500000000  3.0 3.0
   832 O  16.952229000000 21.546329000000 14.794500000000  3.0 3.0
   833 O  17.503521000000 19.249279000000 16.273950000000  3.0 3.0
   834 O  14.655179000000 22.097621000000 16.273950000000  3.0 3.0
   835 Ti 13.782300000000 18.376400000000 17.753400000000  6.0 6.0
   836 Ti 16.079350000000 20.673450000000 19.232850000000  6.0 6.0
   837 O  15.206471000000 19.800571000000 17.753400000000  3.0 3.0
   838 O  16.952229000000 21.546329000000 17.753400000000  3.0 3.0
   839 O  17.503521000000 19.249279000000 19.232850000000  3.0 3.0
   840 O  14.655179000000 22.097621000000 19.232850000000  3.0 3.0
   841 Ti 18.376400000000  0.000000000000  0.000000000000  6.0 6.0
   842 Ti 20.673450000000  2.297050000000  1.479450000000  6.0 6.0
   843 O  19.800571000000  1.424171000000  0.000000000000  3.0 3.0
   844 O  21.546329000000  3.169929000000  0.000000000000  3.0 3.0
   845 O  22.097621000000  0.872879000000  1.479450000000  3.0 3.0
   846 O  19.249279000000  3.721221000000  1.479450000000  3.0 3.0
   847 Ti 18.376400000000  0.000000000000  2.958900000000  6.0 6.0
   848 Ti 20.673450000000  2.297050000000  4.438350000000  6.0 6.0
   849 O  19.800571000000  1.424171000000  2.958900000000  3.0 3.0
   850 O  21.546329000000  3.169929000000  2.958900000000  3.0 3.0
   851 O  22.097621000000  0.872879000000  4.438350000000  3.0 3.0
   852 O  19.249279000000  3.721221000000  4.438350000000  3.0 3.0
   853 Ti 18.376400000000  0.000000000000  5.917800000000  6.0 6.0
   854 Ti 20.673450000000  2.297050000000  7.397250000000  6.0 6.0
   855 O  19.800571000000  1.424171000000  5.917800000000  3.0 3.0
   856 O  21.546329000000  3.169929000000  5.917800000000  3.0 3.0
   857 O  22.097621000000  0.872879000000  7.397250000000  3.0 3.0
   858 O  19.249279000000  3.721221000000  7.397250000000  3.0 3.0
   859 Ti 18.376400000000  0.000000000000  8.876700000000  6.0 6.0
   860 Ti 20.673450000000  2.297050000000 10.356150000000  6.0 6.0
   861 O  19.800571000000  1.424171000000  8.876700000000  3.0 3.0
   862 O  21.546329000000  3.169929000000  8.876700000000  3.0 3.0
   863 O  22.097621000000  0.872879000000 10.356150000000  3.0 3.0
   864 O  19.249279000000  3.721221000000 10.356150000000  3.0 3.0
   865 Ti 18.376400000000  0.000000000000 11.835600000000  6.0 6.0
   866 Ti 20.673450000000  2.297050000000 13.315050000000  6.0 6.0
   867 O  19.800571000000  1.424171000000 11.835600000000  3.0 3.0
   868 O  21.546329000000  3.169929000000 11.835600000000  3.0 3.0
   869 O  22.097621000000  0.872879000000 13.315050000000  3.0 3.0
   870 O  19.249279000000  3.721221000000 13.315050000000  3.0 3.0
   871 Ti 18.376400000000  0.000000000000 14.794500000000  6.0 6.0
   872 Ti 20.673450000000  2.297050000000 16.273950000000  6.0 6.0
   873 O  19.800571000000  1.424171000000 14.794500000000  3.0 3.0
   874 O  21.546329000000  3.169929000000 14.794500000000  3.0 3.0
   875 O  22.097621000000  0.872879000000 16.273950000000  3.0 3.0
   876 O  19.249279000000  3.721221000000 16.273950000000  3.0 3.0
   877 Ti 18.376400000000  0.000000000000 17.753400000000  6.0 6.0
   878 Ti 20.673450000000  2.297050000000 19.232850000000  6.0 6.0
   879 O  19.800571000000  1.424171000000 17.753400000000  3.0 3.0
   880 O  21.546329000000  3.169929000000 17.753400000000  3.0 3.0
   881 O  22.097621000000  0.872879000000 19.232850000000  3.0 3.0
   882 O  19.249279000000  3.721221000000 19.232850000000  3.0 3.0
   883 Ti 18.376400000000  4.594100000000  0.000000000000  6.0 6.0
   884 Ti 20.673450000000  6.891150000000  1.479450000000  6.0 6.0
   885 O  19.800571000000  6.018271000000  0.000000000000  3.0 3.0
   886 O  21.546329000000  7.764029000000  0.000000000000  3.0 3.0
   887 O  22.097621000000  5.466979000000  1.479450000000  3.0 3.0
   888 O  19.249279000000  8.315321000000  1.479450000000  3.0 3.0
   889 Ti 18.376400000000  4.594100000000  2.958900000000  6.0 6.0
   890 Ti 20.673450000000  6.891150000000  4.438350000000  6.0 6.0
   891 O  19.800571000000  6.018271000000  2.958900000000  3.0 3.0
   892 O  21.546329000000  7.764029000000  2.958900000000  3.0 3.0
   893 O  22.097621000000  5.466979000000  4.438350000000  3.0 3.0
   894 O  19.249279000000  8.315321000000  4.438350000000  3.0 3.0
   895 Ti 18.376400000000  4.594100000000  5.917800000000  6.0 6.0
   896 Ti 20.673450000000  6.891150000000  7.397250000000  6.0 6.0
   897 O  19.800571000000  6.018271000000  5.917800000000  3.0 3.0
   898 O  21.546329000000  7.764029000000  5.917800000000  3.0 3.0
   899 O  22.097621000000  5.466979000000  7.397250000000  3.0 3.0
   900 O  19.249279000000  8.315321000000  7.397250000000  3.0 3.0
   901 Ti 18.376400000000  4.594100000000  8.876700000000  6.0 6.0
   902 Ti 20.673450000000  6.891150000000 10.356150000000  6.0 6.0
   903 O  19.800571000000  6.018271000000  8.876700000000  3.0 3.0
   904 O  21.546329000000  7.764029000000  8.876700000000  3.0 3.0
   905 O  22.097621000000  5.466979000000 10.356150000000  3.0 3.0
   906 O  19.249279000000  8.315321000000 10.356150000000  3.0 3.0
   907 Ti 18.376400000000  4.594100000000 11.835600000000  6.0 6.0
   908 Ti 20.673450000000  6.891150000000 13.315050000000  6.0 6.0
   909 O  19.800571000000  6.018271000000 11.835600000000  3.0 3.0
   910 O  21.546329000000  7.764029000000 11.835600000000  3.0 3.0
   911 O  22.097621000000  5.466979000000 13.315050000000  3.0 3.0
   912 O  19.249279000000  8.315321000000 13.315050000000  3.0 3.0
   913 Ti 18.376400000000  4.594100000000 14.794500000000  6.0 6.0
   914 Ti 20.673450000000  6.891150000000 16.273950000000  6.0 6.0
   915 O  19.800571000000  6.018271000000 14.794500000000  3.0 3.0
   916 O  21.546329000000  7.764029000000 14.794500000000  3.0 3.0
   917 O  22.097621000000  5.466979000000 16.273950000000  3.0 3.0
   918 O  19.249279000000  8.315321000000 16.273950000000  3.0 3.0
   919 Ti 18.376400000000  4.594100000000 17.753400000000  6.0 6.0
   920 Ti 20.673450000000  6.891150000000 19.232850000000  6.0 6.0
   921 O  19.800571000000  6.018271000000 17.753400000000  3.0 3.0
   922 O  21.546329000000  7.764029000000 17.753400000000  3.0 3.0
   923 O  22.097621000000  5.466979000000 19.232850000000  3.0 3.0
   924 O  19.249279000000  8.315321000000 19.232850000000  3.0 3.0
   925 Ti 18.376400000000  9.188200000000  0.000000000000  6.0 6.0
   926 Ti 20.673450000000 11.485250000000  1.479450000000  6.0 6.0
   927 O  19.800571000000 10.612371000000  0.000000000000  3.0 3.0
   928 O  21.546329000000 12.358129000000  0.000000000000  3.0 3.0
   929 O  22.097621000000 10.061079000000  1.479450000000  3.0 3.0
   930 O  19.249279000000 12.909421000000  1.479450000000  3.0 3.0
   931 Ti 18.376400000000  9.188200000000  2.958900000000  6.0 6.0
   932 Ti 20.673450000000 11.485250000000  4.438350000000  6.0 6.0
   933 O  19.800571000000 10.612371000000  2.958900000000  3.0 3.0
   934 O  21.546329000000 12.358129000000  2.958900000000  3.0 3.0
   935 O  22.097621000000 10.061079000000  4.438350000000  3.0 3.0
   936 O  19.249279000000 12.909421000000  4.438350000000  3.0 3.0
   937 Ti 18.376400000000  9.188200000000  5.917800000000  6.0 6.0
   938 Ti 20.673450000000 11.485250000000  7.397250000000  6.0 6.0
   939 O  19.800571000000 10.612371000000  5.917800000000  3.0 3.0
   940 O  21.546329000000 12.358129000000  5.917800000000  3.0 3.0
   941 O  22.097621000000 10.061079000000  7.397250000000  3.0 3.0
   942 O  19.249279000000 12.909421000000  7.397250000000  3.0 3.0
   943 Ti 18.376400000000  9.188200000000  8.876700000000  6.0 6.0
   944 Ti 20.673450000000 11.485250000000 10.356150000000  6.0 6.0
   945 O  19.800571000000 10.612371000000  8.876700000000  3.0 3.0
   946 O  21.546329000000 12.358129000000  8.876700000000  3.0 3.0
   947 O  22.097621000000 10.061079000000 10.356150000000  3.0 3.0
   948 O  19.249279000000 12.909421000000 10.356150000000  3.0 3.0
   949 Ti 18.376400000000  9.188200000000 11.835600000000  6.0 6.0
   950 Ti 20.673450000000 11.485250000000 13.315050000000  6.0 6.0
   951 O  19.800571000000 10.612371000000 11.835600000000  3.0 3.0
   952 O  21.546329000000 12.358129000000 11.835600000000  3.0 3.0
   953 O  22.097621000000 10.061079000000 13.315050000000  3.0 3.0
   954 O  19.249279000000 12.909421000000 13.315050000000  3.0 3.0
   955 Ti 18.376400000000  9.188200000000 14.794500000000  6.0 6.0
   956 Ti 20.673450000000 11.485250000000 16.273950000000  6.0 6.0
   957 O  19.800571000000 10.612371000000 14.794500000000  3.0 3.0
   958 O  21.546329000000 12.358129000000 14.794500000000  3.0 3.0
   959 O  22.097621000000 10.061079000000 16.273950000000  3.0 3.0
   960 O  19.249279000000 12.909421000000 16.273950000000  3.0 3.0
   961 Ti 18.376400000000  9.188200000000 17.753400000000  6.0 6.0
   962 Ti 20.673450000000 11.485250000000 19.232850000000  6.0 6.0
   963 O  19.800571000000 10.612371000000 17.753400000000  3.0 3.0
   964 O  21.546329000000 12.358129000000 17.753400000000  3.0 3.0
   965 O  22.097621000000 10.061079000000 19.232850000000  3.0 3.0
   966 O  19.249279000000 12.909421000000 19.232850000000  3.0 3.0
   967 Ti 18.376400000000 13.782300000000  0.000000000000  6.0 6.0
   968 Ti 20.673450000000 16.079350000000  1.479450000000  6.0 6.0
   969 O  19.800571000000 15.206471000000  0.000000000000  3.0 3.0
   970 O  21.546329000000 16.952229000000  0.000000000000  3.0 3.0
   971 O  22.097621000000 14.655179000000  1.479450000000  3.0 3.0
   972 O  19.249279000000 17.503521000000  1.479450000000  3.0 3.0
   973 Ti 18.376400000000 13.782300000000  2.958900000000  6.0 6.0
   974 Ti 20.673450000000 16.079350000000  4.438350000000  6.0 6.0
   975 O  19.800571000000 15.206471000000  2.958900000000  3.0 3.0
   976 O  21.546329000000 16.952229000000  2.958900000000  3.0 3.0
   977 O  22.097621000000 14.655179000000  4.438350000000  3.0 3.0
   978 O  19.249279000000 17.503521000000  4.438350000000  3.0 3.0
   979 Ti 18.376400000000 13.782300000000  5.917800000000  6.0 6.0
   980 Ti 20.673450000000 16.079350000000  7.397250000000  6.0 6.0
   981 O  19.800571000000 15.206471000000  5.917800000000  3.0 3.0
   982 O  21.546329000000 16.952229000000  5.917800000000  3.0 3.0
   983 O  22.097621000000 14.655179000000  7.397250000000  3.0 3.0
   984 O  19.249279000000 17.503521000000  7.397250000000  3.0 3.0
   985 Ti 18.376400000000 13.782300000000  8.876700000000  6.0 6.0
   986 Ti 20.673450000000 16.079350000000 10.356150000000  6.0 6.0
   987 O  19.800571000000 15.206471000000  8.876700000000  3.0 3.0
   988 O  21.546329000000 16.952229000000  8.876700000000  3.0 3.0
   989 O  22.097621000000 14.655179000000 10.356150000000  3.0 3.0
   990 O  19.249279000000 17.503521000000 10.356150000000  3.0 3.0
   991 Ti 18.376400000000 13.782300000000 11.835600000000  6.0 6.0
   992 Ti 20.673450000000 16.079350000000 13.315050000000  6.0 6.0
   993 O  19.800571000000 15.206471000000 11.835600000000  3.0 3.0
   994 O  21.546329000000 16.952229000000 11.835600000000  3.0 3.0
   995 O  22.097621000000 14.655179000000 13.315050000000  3.0 3.0
   996 O  19.249279000000 17.503521000000 13.315050000000  3.0 3.0
   997 Ti 18.376400000000 13.782300000000 14.794500000000  6.0 6.0
   998 Ti 20.673450000000 16.079350000000 16.273950000000  6.0 6.0
   999 O  19.800571000000 15.206471000000 14.794500000000  3.0 3.0
  1000 O  21.546329000000 16.952229000000 14.794500000000  3.0 3.0
  1001 O  22.097621000000 14.655179000000 16.273950000000  3.0 3.0
  1002 O  19.249279000000 17.503521000000 16.273950000000  3.0 3.0
  1003 Ti 18.376400000000 13.782300000000 17.753400000000  6.0 6.0
  1004 Ti 20.673450000000 16.079350000000 19.232850000000  6.0 6.0
  1005 O  19.800571000000 15.206471000000 17.753400000000  3.0 3.0
  1006 O  21.546329000000 16.952229000000 17.753400000000  3.0 3.0
  1007 O  22.097621000000 14.655179000000 19.232850000000  3.0 3.0
  1008 O  19.249279000000 17.503521000000 19.232850000000  3.0 3.0
  1009 Ti 18.376400000000 18.376400000000  0.000000000000  6.0 6.0
  1010 Ti 20.673450000000 20.673450000000  1.479450000000  6.0 6.0
  1011 O  19.800571000000 19.800571000000  0.000000000000  3.0 3.0
  1012 O  21.546329000000 21.546329000000  0.000000000000  3.0 3.0
  1013 O  22.097621000000 19.249279000000  1.479450000000  3.0 3.0
  1014 O  19.249279000000 22.097621000000  1.479450000000  3.0 3.0
  1015 Ti 18.376400000000 18.376400000000  2.958900000000  6.0 6.0
  1016 Ti 20.673450000000 20.673450000000  4.438350000000  6.0 6.0
  1017 O  19.800571000000 19.800571000000  2.958900000000  3.0 3.0
  1018 O  21.546329000000 21.546329000000  2.958900000000  3.0 3.0
  1019 O  22.097621000000 19.249279000000  4.438350000000  3.0 3.0
  1020 O  19.249279000000 22.097621000000  4.438350000000  3.0 3.0
  1021 Ti 18.376400000000 18.376400000000  5.917800000000  6.0 6.0
  1022 Ti 20.673450000000 20.673450000000  7.397250000000  6.0 6.0
  1023 O  19.800571000000 19.800571000000  5.917800000000  3.0 3.0
  1024 O  21.546329000000 21.546329000000  5.917800000000  3.0 3.0
  1025 O  22.097621000000 19.249279000000  7.397250000000  3.0 3.0
  1026 O  19.249279000000 22.097621000000  7.397250000000  3.0 3.0
  1027 Ti 18.376400000000 18.376400000000  8.876700000000  6.0 6.0
  1028 Ti 20.673450000000 20.673450000000 10.356150000000  6.0 6.0
  1029 O  19.800571000000 19.800571000000  8.876700000000  3.0 3.0
  1030 O  21.546329000000 21.546329000000  8.876700000000  3.0 3.0
  1031 O  22.097621000000 19.249279000000 10.356150000000  3.0 3.0
  1032 O  19.249279000000 22.097621000000 10.356150000000  3.0 3.0
  1033 Ti 18.376400000000 18.376400000000 11.835600000000  6.0 6.0
  1034 Ti 20.673450000000 20.673450000000 13.315050000000  6.0 6.0
  1035 O  19.800571000000 19.800571000000 11.835600000000  3.0 3.0
  1036 O  21.546329000000 21.546329000000 11.835600000000  3.0 3.0
  1037 O  22.097621000000 19.249279000000 13.315050000000  3.0 3.0
  1038 O  19.249279000000 22.097621000000 13.315050000000  3.0 3.0
  1039 Ti 18.376400000000 18.376400000000 14.794500000000  6.0 6.0
  1040 Ti 20.673450000000 20.673450000000 16.273950000000  6.0 6.0
  1041 O  19.800571000000 19.800571000000 14.794500000000  3.0 3.0
  1042 O  21.546329000000 21.546329000000 14.794500000000  3.0 3.0
  1043 O  22.097621000000 19.249279000000 16.273950000000  3.0 3.0
  1044 O  19.249279000000 22.097621000000 16.273950000000  3.0 3.0
  1045 Ti 18.376400000000 18.376400000000 17.753400000000  6.0 6.0
  1046 Ti 20.673450000000 20.673450000000 19.232850000000  6.0 6.0
  1047 O  19.800571000000 19.800571000000 17.753400000000  3.0 3.0
  1048 O  21.546329000000 21.546329000000 17.753400000000  3.0 3.0
  1049 O  22.097621000000 19.249279000000 19.232850000000  3.0 3.0
  1050 O  19.249279000000 22.097621000000 19.232850000000  3.0 3.0
Atoms.SpeciesAndCoordinates>
Atoms.UnitVectors.Unit             Ang #  Ang|AU
<Atoms.UnitVectors                     # unit=Ang.
22.970500000000  0.000000000000  0.000000000000
 0.000000000000 22.970500000000  0.000000000000
 0.000000000000  0.000000000000 20.712300000000
Atoms.UnitVectors>

#
# SCF or Electronic System
#

scf.XcType                GGA-PBE      # LDA|LSDA-CA|LSDA-PW
scf.SpinPolarization       off         # On|Off
scf.ElectronicTemperature  300.0       # default=300 (K)
scf.energycutoff           180.0       # default=150 (Ry)
scf.ProExpn.VNA             on         # default=on
scf.maxIter                 300        # default=40
scf.EigenvalueSolver       cluster     # Recursion|Cluster|Band
scf.Kgrid                 1 1 1        # means 4x4x4
scf.Mixing.Type           rmm-diisk    # Simple|Rmm-Diis|Gr-Pulay
scf.Init.Mixing.Weight     0.010       # default=0.30 
scf.Min.Mixing.Weight      0.001       # default=0.001 
scf.Max.Mixing.Weight      0.200       # default=0.40 
scf.Mixing.History          30         # default=5
scf.Mixing.StartPulay       15         # default=6
scf.criterion             1.0e-10      # default=1.0e-6 (Hartree) 

#
# MD or Geometry Optimization
#

MD.Type                     nomd       # Nomd|Opt|DIIS|NVE|NVT_VS|NVT_NH
MD.maxIter                   1         # default=1
MD.TimeStep                0.5         # default=0.5 (fs)
MD.Opt.criterion          1.0e-4       # default=1.0e-4 (Hartree/bohr)
