#
#  Diamond cell including 1000 carbon atoms 
#

System.CurrrentDirectory         ./    # default=./
System.Name                      C1000
level.of.stdout                   1    # default=1 (1-3)
level.of.fileout                  0    # default=1 (1-3)

#
# Definition of Atomic Species
#

Species.Number       1
<Definition.of.Atomic.Species
 C   C6.0-s2p2d1   C_PBE13
Definition.of.Atomic.Species>

#
# Atoms
#

Atoms.Number        1000
Atoms.SpeciesAndCoordinates.Unit   Ang # Ang|AU
<Atoms.SpeciesAndCoordinates           # Unit=Ang.
    1  C   0.000000000000  0.000000000000  0.000000000000  2.0 2.0
    2  C   0.000000000000  1.783500000000  1.783500000000  2.0 2.0
    3  C   1.783500000000  0.000000000000  1.783500000000  2.0 2.0
    4  C   1.783500000000  1.783500000000  0.000000000000  2.0 2.0
    5  C   0.891750000000  0.891750000000  0.891750000000  2.0 2.0
    6  C   0.891750000000  2.675250000000  2.675250000000  2.0 2.0
    7  C   2.675250000000  0.891750000000  2.675250000000  2.0 2.0
    8  C   2.675250000000  2.675250000000  0.891750000000  2.0 2.0
    9  C   0.000000000000  0.000000000000  3.567000000000  2.0 2.0
   10  C   0.000000000000  1.783500000000  5.350500000000  2.0 2.0
   11  C   1.783500000000  0.000000000000  5.350500000000  2.0 2.0
   12  C   1.783500000000  1.783500000000  3.567000000000  2.0 2.0
   13  C   0.891750000000  0.891750000000  4.458750000000  2.0 2.0
   14  C   0.891750000000  2.675250000000  6.242250000000  2.0 2.0
   15  C   2.675250000000  0.891750000000  6.242250000000  2.0 2.0
   16  C   2.675250000000  2.675250000000  4.458750000000  2.0 2.0
   17  C   0.000000000000  0.000000000000  7.134000000000  2.0 2.0
   18  C   0.000000000000  1.783500000000  8.917500000000  2.0 2.0
   19  C   1.783500000000  0.000000000000  8.917500000000  2.0 2.0
   20  C   1.783500000000  1.783500000000  7.134000000000  2.0 2.0
   21  C   0.891750000000  0.891750000000  8.025750000000  2.0 2.0
   22  C   0.891750000000  2.675250000000  9.809250000000  2.0 2.0
   23  C   2.675250000000  0.891750000000  9.809250000000  2.0 2.0
   24  C   2.675250000000  2.675250000000  8.025750000000  2.0 2.0
   25  C   0.000000000000  0.000000000000 10.701000000000  2.0 2.0
   26  C   0.000000000000  1.783500000000 12.484500000000  2.0 2.0
   27  C   1.783500000000  0.000000000000 12.484500000000  2.0 2.0
   28  C   1.783500000000  1.783500000000 10.701000000000  2.0 2.0
   29  C   0.891750000000  0.891750000000 11.592750000000  2.0 2.0
   30  C   0.891750000000  2.675250000000 13.376250000000  2.0 2.0
   31  C   2.675250000000  0.891750000000 13.376250000000  2.0 2.0
   32  C   2.675250000000  2.675250000000 11.592750000000  2.0 2.0
   33  C   0.000000000000  0.000000000000 14.268000000000  2.0 2.0
   34  C   0.000000000000  1.783500000000 16.051500000000  2.0 2.0
   35  C   1.783500000000  0.000000000000 16.051500000000  2.0 2.0
   36  C   1.783500000000  1.783500000000 14.268000000000  2.0 2.0
   37  C   0.891750000000  0.891750000000 15.159750000000  2.0 2.0
   38  C   0.891750000000  2.675250000000 16.943250000000  2.0 2.0
   39  C   2.675250000000  0.891750000000 16.943250000000  2.0 2.0
   40  C   2.675250000000  2.675250000000 15.159750000000  2.0 2.0
   41  C   0.000000000000  3.567000000000  0.000000000000  2.0 2.0
   42  C   0.000000000000  5.350500000000  1.783500000000  2.0 2.0
   43  C   1.783500000000  3.567000000000  1.783500000000  2.0 2.0
   44  C   1.783500000000  5.350500000000  0.000000000000  2.0 2.0
   45  C   0.891750000000  4.458750000000  0.891750000000  2.0 2.0
   46  C   0.891750000000  6.242250000000  2.675250000000  2.0 2.0
   47  C   2.675250000000  4.458750000000  2.675250000000  2.0 2.0
   48  C   2.675250000000  6.242250000000  0.891750000000  2.0 2.0
   49  C   0.000000000000  3.567000000000  3.567000000000  2.0 2.0
   50  C   0.000000000000  5.350500000000  5.350500000000  2.0 2.0
   51  C   1.783500000000  3.567000000000  5.350500000000  2.0 2.0
   52  C   1.783500000000  5.350500000000  3.567000000000  2.0 2.0
   53  C   0.891750000000  4.458750000000  4.458750000000  2.0 2.0
   54  C   0.891750000000  6.242250000000  6.242250000000  2.0 2.0
   55  C   2.675250000000  4.458750000000  6.242250000000  2.0 2.0
   56  C   2.675250000000  6.242250000000  4.458750000000  2.0 2.0
   57  C   0.000000000000  3.567000000000  7.134000000000  2.0 2.0
   58  C   0.000000000000  5.350500000000  8.917500000000  2.0 2.0
   59  C   1.783500000000  3.567000000000  8.917500000000  2.0 2.0
   60  C   1.783500000000  5.350500000000  7.134000000000  2.0 2.0
   61  C   0.891750000000  4.458750000000  8.025750000000  2.0 2.0
   62  C   0.891750000000  6.242250000000  9.809250000000  2.0 2.0
   63  C   2.675250000000  4.458750000000  9.809250000000  2.0 2.0
   64  C   2.675250000000  6.242250000000  8.025750000000  2.0 2.0
   65  C   0.000000000000  3.567000000000 10.701000000000  2.0 2.0
   66  C   0.000000000000  5.350500000000 12.484500000000  2.0 2.0
   67  C   1.783500000000  3.567000000000 12.484500000000  2.0 2.0
   68  C   1.783500000000  5.350500000000 10.701000000000  2.0 2.0
   69  C   0.891750000000  4.458750000000 11.592750000000  2.0 2.0
   70  C   0.891750000000  6.242250000000 13.376250000000  2.0 2.0
   71  C   2.675250000000  4.458750000000 13.376250000000  2.0 2.0
   72  C   2.675250000000  6.242250000000 11.592750000000  2.0 2.0
   73  C   0.000000000000  3.567000000000 14.268000000000  2.0 2.0
   74  C   0.000000000000  5.350500000000 16.051500000000  2.0 2.0
   75  C   1.783500000000  3.567000000000 16.051500000000  2.0 2.0
   76  C   1.783500000000  5.350500000000 14.268000000000  2.0 2.0
   77  C   0.891750000000  4.458750000000 15.159750000000  2.0 2.0
   78  C   0.891750000000  6.242250000000 16.943250000000  2.0 2.0
   79  C   2.675250000000  4.458750000000 16.943250000000  2.0 2.0
   80  C   2.675250000000  6.242250000000 15.159750000000  2.0 2.0
   81  C   0.000000000000  7.134000000000  0.000000000000  2.0 2.0
   82  C   0.000000000000  8.917500000000  1.783500000000  2.0 2.0
   83  C   1.783500000000  7.134000000000  1.783500000000  2.0 2.0
   84  C   1.783500000000  8.917500000000  0.000000000000  2.0 2.0
   85  C   0.891750000000  8.025750000000  0.891750000000  2.0 2.0
   86  C   0.891750000000  9.809250000000  2.675250000000  2.0 2.0
   87  C   2.675250000000  8.025750000000  2.675250000000  2.0 2.0
   88  C   2.675250000000  9.809250000000  0.891750000000  2.0 2.0
   89  C   0.000000000000  7.134000000000  3.567000000000  2.0 2.0
   90  C   0.000000000000  8.917500000000  5.350500000000  2.0 2.0
   91  C   1.783500000000  7.134000000000  5.350500000000  2.0 2.0
   92  C   1.783500000000  8.917500000000  3.567000000000  2.0 2.0
   93  C   0.891750000000  8.025750000000  4.458750000000  2.0 2.0
   94  C   0.891750000000  9.809250000000  6.242250000000  2.0 2.0
   95  C   2.675250000000  8.025750000000  6.242250000000  2.0 2.0
   96  C   2.675250000000  9.809250000000  4.458750000000  2.0 2.0
   97  C   0.000000000000  7.134000000000  7.134000000000  2.0 2.0
   98  C   0.000000000000  8.917500000000  8.917500000000  2.0 2.0
   99  C   1.783500000000  7.134000000000  8.917500000000  2.0 2.0
  100  C   1.783500000000  8.917500000000  7.134000000000  2.0 2.0
  101  C   0.891750000000  8.025750000000  8.025750000000  2.0 2.0
  102  C   0.891750000000  9.809250000000  9.809250000000  2.0 2.0
  103  C   2.675250000000  8.025750000000  9.809250000000  2.0 2.0
  104  C   2.675250000000  9.809250000000  8.025750000000  2.0 2.0
  105  C   0.000000000000  7.134000000000 10.701000000000  2.0 2.0
  106  C   0.000000000000  8.917500000000 12.484500000000  2.0 2.0
  107  C   1.783500000000  7.134000000000 12.484500000000  2.0 2.0
  108  C   1.783500000000  8.917500000000 10.701000000000  2.0 2.0
  109  C   0.891750000000  8.025750000000 11.592750000000  2.0 2.0
  110  C   0.891750000000  9.809250000000 13.376250000000  2.0 2.0
  111  C   2.675250000000  8.025750000000 13.376250000000  2.0 2.0
  112  C   2.675250000000  9.809250000000 11.592750000000  2.0 2.0
  113  C   0.000000000000  7.134000000000 14.268000000000  2.0 2.0
  114  C   0.000000000000  8.917500000000 16.051500000000  2.0 2.0
  115  C   1.783500000000  7.134000000000 16.051500000000  2.0 2.0
  116  C   1.783500000000  8.917500000000 14.268000000000  2.0 2.0
  117  C   0.891750000000  8.025750000000 15.159750000000  2.0 2.0
  118  C   0.891750000000  9.809250000000 16.943250000000  2.0 2.0
  119  C   2.675250000000  8.025750000000 16.943250000000  2.0 2.0
  120  C   2.675250000000  9.809250000000 15.159750000000  2.0 2.0
  121  C   0.000000000000 10.701000000000  0.000000000000  2.0 2.0
  122  C   0.000000000000 12.484500000000  1.783500000000  2.0 2.0
  123  C   1.783500000000 10.701000000000  1.783500000000  2.0 2.0
  124  C   1.783500000000 12.484500000000  0.000000000000  2.0 2.0
  125  C   0.891750000000 11.592750000000  0.891750000000  2.0 2.0
  126  C   0.891750000000 13.376250000000  2.675250000000  2.0 2.0
  127  C   2.675250000000 11.592750000000  2.675250000000  2.0 2.0
  128  C   2.675250000000 13.376250000000  0.891750000000  2.0 2.0
  129  C   0.000000000000 10.701000000000  3.567000000000  2.0 2.0
  130  C   0.000000000000 12.484500000000  5.350500000000  2.0 2.0
  131  C   1.783500000000 10.701000000000  5.350500000000  2.0 2.0
  132  C   1.783500000000 12.484500000000  3.567000000000  2.0 2.0
  133  C   0.891750000000 11.592750000000  4.458750000000  2.0 2.0
  134  C   0.891750000000 13.376250000000  6.242250000000  2.0 2.0
  135  C   2.675250000000 11.592750000000  6.242250000000  2.0 2.0
  136  C   2.675250000000 13.376250000000  4.458750000000  2.0 2.0
  137  C   0.000000000000 10.701000000000  7.134000000000  2.0 2.0
  138  C   0.000000000000 12.484500000000  8.917500000000  2.0 2.0
  139  C   1.783500000000 10.701000000000  8.917500000000  2.0 2.0
  140  C   1.783500000000 12.484500000000  7.134000000000  2.0 2.0
  141  C   0.891750000000 11.592750000000  8.025750000000  2.0 2.0
  142  C   0.891750000000 13.376250000000  9.809250000000  2.0 2.0
  143  C   2.675250000000 11.592750000000  9.809250000000  2.0 2.0
  144  C   2.675250000000 13.376250000000  8.025750000000  2.0 2.0
  145  C   0.000000000000 10.701000000000 10.701000000000  2.0 2.0
  146  C   0.000000000000 12.484500000000 12.484500000000  2.0 2.0
  147  C   1.783500000000 10.701000000000 12.484500000000  2.0 2.0
  148  C   1.783500000000 12.484500000000 10.701000000000  2.0 2.0
  149  C   0.891750000000 11.592750000000 11.592750000000  2.0 2.0
  150  C   0.891750000000 13.376250000000 13.376250000000  2.0 2.0
  151  C   2.675250000000 11.592750000000 13.376250000000  2.0 2.0
  152  C   2.675250000000 13.376250000000 11.592750000000  2.0 2.0
  153  C   0.000000000000 10.701000000000 14.268000000000  2.0 2.0
  154  C   0.000000000000 12.484500000000 16.051500000000  2.0 2.0
  155  C   1.783500000000 10.701000000000 16.051500000000  2.0 2.0
  156  C   1.783500000000 12.484500000000 14.268000000000  2.0 2.0
  157  C   0.891750000000 11.592750000000 15.159750000000  2.0 2.0
  158  C   0.891750000000 13.376250000000 16.943250000000  2.0 2.0
  159  C   2.675250000000 11.592750000000 16.943250000000  2.0 2.0
  160  C   2.675250000000 13.376250000000 15.159750000000  2.0 2.0
  161  C   0.000000000000 14.268000000000  0.000000000000  2.0 2.0
  162  C   0.000000000000 16.051500000000  1.783500000000  2.0 2.0
  163  C   1.783500000000 14.268000000000  1.783500000000  2.0 2.0
  164  C   1.783500000000 16.051500000000  0.000000000000  2.0 2.0
  165  C   0.891750000000 15.159750000000  0.891750000000  2.0 2.0
  166  C   0.891750000000 16.943250000000  2.675250000000  2.0 2.0
  167  C   2.675250000000 15.159750000000  2.675250000000  2.0 2.0
  168  C   2.675250000000 16.943250000000  0.891750000000  2.0 2.0
  169  C   0.000000000000 14.268000000000  3.567000000000  2.0 2.0
  170  C   0.000000000000 16.051500000000  5.350500000000  2.0 2.0
  171  C   1.783500000000 14.268000000000  5.350500000000  2.0 2.0
  172  C   1.783500000000 16.051500000000  3.567000000000  2.0 2.0
  173  C   0.891750000000 15.159750000000  4.458750000000  2.0 2.0
  174  C   0.891750000000 16.943250000000  6.242250000000  2.0 2.0
  175  C   2.675250000000 15.159750000000  6.242250000000  2.0 2.0
  176  C   2.675250000000 16.943250000000  4.458750000000  2.0 2.0
  177  C   0.000000000000 14.268000000000  7.134000000000  2.0 2.0
  178  C   0.000000000000 16.051500000000  8.917500000000  2.0 2.0
  179  C   1.783500000000 14.268000000000  8.917500000000  2.0 2.0
  180  C   1.783500000000 16.051500000000  7.134000000000  2.0 2.0
  181  C   0.891750000000 15.159750000000  8.025750000000  2.0 2.0
  182  C   0.891750000000 16.943250000000  9.809250000000  2.0 2.0
  183  C   2.675250000000 15.159750000000  9.809250000000  2.0 2.0
  184  C   2.675250000000 16.943250000000  8.025750000000  2.0 2.0
  185  C   0.000000000000 14.268000000000 10.701000000000  2.0 2.0
  186  C   0.000000000000 16.051500000000 12.484500000000  2.0 2.0
  187  C   1.783500000000 14.268000000000 12.484500000000  2.0 2.0
  188  C   1.783500000000 16.051500000000 10.701000000000  2.0 2.0
  189  C   0.891750000000 15.159750000000 11.592750000000  2.0 2.0
  190  C   0.891750000000 16.943250000000 13.376250000000  2.0 2.0
  191  C   2.675250000000 15.159750000000 13.376250000000  2.0 2.0
  192  C   2.675250000000 16.943250000000 11.592750000000  2.0 2.0
  193  C   0.000000000000 14.268000000000 14.268000000000  2.0 2.0
  194  C   0.000000000000 16.051500000000 16.051500000000  2.0 2.0
  195  C   1.783500000000 14.268000000000 16.051500000000  2.0 2.0
  196  C   1.783500000000 16.051500000000 14.268000000000  2.0 2.0
  197  C   0.891750000000 15.159750000000 15.159750000000  2.0 2.0
  198  C   0.891750000000 16.943250000000 16.943250000000  2.0 2.0
  199  C   2.675250000000 15.159750000000 16.943250000000  2.0 2.0
  200  C   2.675250000000 16.943250000000 15.159750000000  2.0 2.0
  201  C   3.567000000000  0.000000000000  0.000000000000  2.0 2.0
  202  C   3.567000000000  1.783500000000  1.783500000000  2.0 2.0
  203  C   5.350500000000  0.000000000000  1.783500000000  2.0 2.0
  204  C   5.350500000000  1.783500000000  0.000000000000  2.0 2.0
  205  C   4.458750000000  0.891750000000  0.891750000000  2.0 2.0
  206  C   4.458750000000  2.675250000000  2.675250000000  2.0 2.0
  207  C   6.242250000000  0.891750000000  2.675250000000  2.0 2.0
  208  C   6.242250000000  2.675250000000  0.891750000000  2.0 2.0
  209  C   3.567000000000  0.000000000000  3.567000000000  2.0 2.0
  210  C   3.567000000000  1.783500000000  5.350500000000  2.0 2.0
  211  C   5.350500000000  0.000000000000  5.350500000000  2.0 2.0
  212  C   5.350500000000  1.783500000000  3.567000000000  2.0 2.0
  213  C   4.458750000000  0.891750000000  4.458750000000  2.0 2.0
  214  C   4.458750000000  2.675250000000  6.242250000000  2.0 2.0
  215  C   6.242250000000  0.891750000000  6.242250000000  2.0 2.0
  216  C   6.242250000000  2.675250000000  4.458750000000  2.0 2.0
  217  C   3.567000000000  0.000000000000  7.134000000000  2.0 2.0
  218  C   3.567000000000  1.783500000000  8.917500000000  2.0 2.0
  219  C   5.350500000000  0.000000000000  8.917500000000  2.0 2.0
  220  C   5.350500000000  1.783500000000  7.134000000000  2.0 2.0
  221  C   4.458750000000  0.891750000000  8.025750000000  2.0 2.0
  222  C   4.458750000000  2.675250000000  9.809250000000  2.0 2.0
  223  C   6.242250000000  0.891750000000  9.809250000000  2.0 2.0
  224  C   6.242250000000  2.675250000000  8.025750000000  2.0 2.0
  225  C   3.567000000000  0.000000000000 10.701000000000  2.0 2.0
  226  C   3.567000000000  1.783500000000 12.484500000000  2.0 2.0
  227  C   5.350500000000  0.000000000000 12.484500000000  2.0 2.0
  228  C   5.350500000000  1.783500000000 10.701000000000  2.0 2.0
  229  C   4.458750000000  0.891750000000 11.592750000000  2.0 2.0
  230  C   4.458750000000  2.675250000000 13.376250000000  2.0 2.0
  231  C   6.242250000000  0.891750000000 13.376250000000  2.0 2.0
  232  C   6.242250000000  2.675250000000 11.592750000000  2.0 2.0
  233  C   3.567000000000  0.000000000000 14.268000000000  2.0 2.0
  234  C   3.567000000000  1.783500000000 16.051500000000  2.0 2.0
  235  C   5.350500000000  0.000000000000 16.051500000000  2.0 2.0
  236  C   5.350500000000  1.783500000000 14.268000000000  2.0 2.0
  237  C   4.458750000000  0.891750000000 15.159750000000  2.0 2.0
  238  C   4.458750000000  2.675250000000 16.943250000000  2.0 2.0
  239  C   6.242250000000  0.891750000000 16.943250000000  2.0 2.0
  240  C   6.242250000000  2.675250000000 15.159750000000  2.0 2.0
  241  C   3.567000000000  3.567000000000  0.000000000000  2.0 2.0
  242  C   3.567000000000  5.350500000000  1.783500000000  2.0 2.0
  243  C   5.350500000000  3.567000000000  1.783500000000  2.0 2.0
  244  C   5.350500000000  5.350500000000  0.000000000000  2.0 2.0
  245  C   4.458750000000  4.458750000000  0.891750000000  2.0 2.0
  246  C   4.458750000000  6.242250000000  2.675250000000  2.0 2.0
  247  C   6.242250000000  4.458750000000  2.675250000000  2.0 2.0
  248  C   6.242250000000  6.242250000000  0.891750000000  2.0 2.0
  249  C   3.567000000000  3.567000000000  3.567000000000  2.0 2.0
  250  C   3.567000000000  5.350500000000  5.350500000000  2.0 2.0
  251  C   5.350500000000  3.567000000000  5.350500000000  2.0 2.0
  252  C   5.350500000000  5.350500000000  3.567000000000  2.0 2.0
  253  C   4.458750000000  4.458750000000  4.458750000000  2.0 2.0
  254  C   4.458750000000  6.242250000000  6.242250000000  2.0 2.0
  255  C   6.242250000000  4.458750000000  6.242250000000  2.0 2.0
  256  C   6.242250000000  6.242250000000  4.458750000000  2.0 2.0
  257  C   3.567000000000  3.567000000000  7.134000000000  2.0 2.0
  258  C   3.567000000000  5.350500000000  8.917500000000  2.0 2.0
  259  C   5.350500000000  3.567000000000  8.917500000000  2.0 2.0
  260  C   5.350500000000  5.350500000000  7.134000000000  2.0 2.0
  261  C   4.458750000000  4.458750000000  8.025750000000  2.0 2.0
  262  C   4.458750000000  6.242250000000  9.809250000000  2.0 2.0
  263  C   6.242250000000  4.458750000000  9.809250000000  2.0 2.0
  264  C   6.242250000000  6.242250000000  8.025750000000  2.0 2.0
  265  C   3.567000000000  3.567000000000 10.701000000000  2.0 2.0
  266  C   3.567000000000  5.350500000000 12.484500000000  2.0 2.0
  267  C   5.350500000000  3.567000000000 12.484500000000  2.0 2.0
  268  C   5.350500000000  5.350500000000 10.701000000000  2.0 2.0
  269  C   4.458750000000  4.458750000000 11.592750000000  2.0 2.0
  270  C   4.458750000000  6.242250000000 13.376250000000  2.0 2.0
  271  C   6.242250000000  4.458750000000 13.376250000000  2.0 2.0
  272  C   6.242250000000  6.242250000000 11.592750000000  2.0 2.0
  273  C   3.567000000000  3.567000000000 14.268000000000  2.0 2.0
  274  C   3.567000000000  5.350500000000 16.051500000000  2.0 2.0
  275  C   5.350500000000  3.567000000000 16.051500000000  2.0 2.0
  276  C   5.350500000000  5.350500000000 14.268000000000  2.0 2.0
  277  C   4.458750000000  4.458750000000 15.159750000000  2.0 2.0
  278  C   4.458750000000  6.242250000000 16.943250000000  2.0 2.0
  279  C   6.242250000000  4.458750000000 16.943250000000  2.0 2.0
  280  C   6.242250000000  6.242250000000 15.159750000000  2.0 2.0
  281  C   3.567000000000  7.134000000000  0.000000000000  2.0 2.0
  282  C   3.567000000000  8.917500000000  1.783500000000  2.0 2.0
  283  C   5.350500000000  7.134000000000  1.783500000000  2.0 2.0
  284  C   5.350500000000  8.917500000000  0.000000000000  2.0 2.0
  285  C   4.458750000000  8.025750000000  0.891750000000  2.0 2.0
  286  C   4.458750000000  9.809250000000  2.675250000000  2.0 2.0
  287  C   6.242250000000  8.025750000000  2.675250000000  2.0 2.0
  288  C   6.242250000000  9.809250000000  0.891750000000  2.0 2.0
  289  C   3.567000000000  7.134000000000  3.567000000000  2.0 2.0
  290  C   3.567000000000  8.917500000000  5.350500000000  2.0 2.0
  291  C   5.350500000000  7.134000000000  5.350500000000  2.0 2.0
  292  C   5.350500000000  8.917500000000  3.567000000000  2.0 2.0
  293  C   4.458750000000  8.025750000000  4.458750000000  2.0 2.0
  294  C   4.458750000000  9.809250000000  6.242250000000  2.0 2.0
  295  C   6.242250000000  8.025750000000  6.242250000000  2.0 2.0
  296  C   6.242250000000  9.809250000000  4.458750000000  2.0 2.0
  297  C   3.567000000000  7.134000000000  7.134000000000  2.0 2.0
  298  C   3.567000000000  8.917500000000  8.917500000000  2.0 2.0
  299  C   5.350500000000  7.134000000000  8.917500000000  2.0 2.0
  300  C   5.350500000000  8.917500000000  7.134000000000  2.0 2.0
  301  C   4.458750000000  8.025750000000  8.025750000000  2.0 2.0
  302  C   4.458750000000  9.809250000000  9.809250000000  2.0 2.0
  303  C   6.242250000000  8.025750000000  9.809250000000  2.0 2.0
  304  C   6.242250000000  9.809250000000  8.025750000000  2.0 2.0
  305  C   3.567000000000  7.134000000000 10.701000000000  2.0 2.0
  306  C   3.567000000000  8.917500000000 12.484500000000  2.0 2.0
  307  C   5.350500000000  7.134000000000 12.484500000000  2.0 2.0
  308  C   5.350500000000  8.917500000000 10.701000000000  2.0 2.0
  309  C   4.458750000000  8.025750000000 11.592750000000  2.0 2.0
  310  C   4.458750000000  9.809250000000 13.376250000000  2.0 2.0
  311  C   6.242250000000  8.025750000000 13.376250000000  2.0 2.0
  312  C   6.242250000000  9.809250000000 11.592750000000  2.0 2.0
  313  C   3.567000000000  7.134000000000 14.268000000000  2.0 2.0
  314  C   3.567000000000  8.917500000000 16.051500000000  2.0 2.0
  315  C   5.350500000000  7.134000000000 16.051500000000  2.0 2.0
  316  C   5.350500000000  8.917500000000 14.268000000000  2.0 2.0
  317  C   4.458750000000  8.025750000000 15.159750000000  2.0 2.0
  318  C   4.458750000000  9.809250000000 16.943250000000  2.0 2.0
  319  C   6.242250000000  8.025750000000 16.943250000000  2.0 2.0
  320  C   6.242250000000  9.809250000000 15.159750000000  2.0 2.0
  321  C   3.567000000000 10.701000000000  0.000000000000  2.0 2.0
  322  C   3.567000000000 12.484500000000  1.783500000000  2.0 2.0
  323  C   5.350500000000 10.701000000000  1.783500000000  2.0 2.0
  324  C   5.350500000000 12.484500000000  0.000000000000  2.0 2.0
  325  C   4.458750000000 11.592750000000  0.891750000000  2.0 2.0
  326  C   4.458750000000 13.376250000000  2.675250000000  2.0 2.0
  327  C   6.242250000000 11.592750000000  2.675250000000  2.0 2.0
  328  C   6.242250000000 13.376250000000  0.891750000000  2.0 2.0
  329  C   3.567000000000 10.701000000000  3.567000000000  2.0 2.0
  330  C   3.567000000000 12.484500000000  5.350500000000  2.0 2.0
  331  C   5.350500000000 10.701000000000  5.350500000000  2.0 2.0
  332  C   5.350500000000 12.484500000000  3.567000000000  2.0 2.0
  333  C   4.458750000000 11.592750000000  4.458750000000  2.0 2.0
  334  C   4.458750000000 13.376250000000  6.242250000000  2.0 2.0
  335  C   6.242250000000 11.592750000000  6.242250000000  2.0 2.0
  336  C   6.242250000000 13.376250000000  4.458750000000  2.0 2.0
  337  C   3.567000000000 10.701000000000  7.134000000000  2.0 2.0
  338  C   3.567000000000 12.484500000000  8.917500000000  2.0 2.0
  339  C   5.350500000000 10.701000000000  8.917500000000  2.0 2.0
  340  C   5.350500000000 12.484500000000  7.134000000000  2.0 2.0
  341  C   4.458750000000 11.592750000000  8.025750000000  2.0 2.0
  342  C   4.458750000000 13.376250000000  9.809250000000  2.0 2.0
  343  C   6.242250000000 11.592750000000  9.809250000000  2.0 2.0
  344  C   6.242250000000 13.376250000000  8.025750000000  2.0 2.0
  345  C   3.567000000000 10.701000000000 10.701000000000  2.0 2.0
  346  C   3.567000000000 12.484500000000 12.484500000000  2.0 2.0
  347  C   5.350500000000 10.701000000000 12.484500000000  2.0 2.0
  348  C   5.350500000000 12.484500000000 10.701000000000  2.0 2.0
  349  C   4.458750000000 11.592750000000 11.592750000000  2.0 2.0
  350  C   4.458750000000 13.376250000000 13.376250000000  2.0 2.0
  351  C   6.242250000000 11.592750000000 13.376250000000  2.0 2.0
  352  C   6.242250000000 13.376250000000 11.592750000000  2.0 2.0
  353  C   3.567000000000 10.701000000000 14.268000000000  2.0 2.0
  354  C   3.567000000000 12.484500000000 16.051500000000  2.0 2.0
  355  C   5.350500000000 10.701000000000 16.051500000000  2.0 2.0
  356  C   5.350500000000 12.484500000000 14.268000000000  2.0 2.0
  357  C   4.458750000000 11.592750000000 15.159750000000  2.0 2.0
  358  C   4.458750000000 13.376250000000 16.943250000000  2.0 2.0
  359  C   6.242250000000 11.592750000000 16.943250000000  2.0 2.0
  360  C   6.242250000000 13.376250000000 15.159750000000  2.0 2.0
  361  C   3.567000000000 14.268000000000  0.000000000000  2.0 2.0
  362  C   3.567000000000 16.051500000000  1.783500000000  2.0 2.0
  363  C   5.350500000000 14.268000000000  1.783500000000  2.0 2.0
  364  C   5.350500000000 16.051500000000  0.000000000000  2.0 2.0
  365  C   4.458750000000 15.159750000000  0.891750000000  2.0 2.0
  366  C   4.458750000000 16.943250000000  2.675250000000  2.0 2.0
  367  C   6.242250000000 15.159750000000  2.675250000000  2.0 2.0
  368  C   6.242250000000 16.943250000000  0.891750000000  2.0 2.0
  369  C   3.567000000000 14.268000000000  3.567000000000  2.0 2.0
  370  C   3.567000000000 16.051500000000  5.350500000000  2.0 2.0
  371  C   5.350500000000 14.268000000000  5.350500000000  2.0 2.0
  372  C   5.350500000000 16.051500000000  3.567000000000  2.0 2.0
  373  C   4.458750000000 15.159750000000  4.458750000000  2.0 2.0
  374  C   4.458750000000 16.943250000000  6.242250000000  2.0 2.0
  375  C   6.242250000000 15.159750000000  6.242250000000  2.0 2.0
  376  C   6.242250000000 16.943250000000  4.458750000000  2.0 2.0
  377  C   3.567000000000 14.268000000000  7.134000000000  2.0 2.0
  378  C   3.567000000000 16.051500000000  8.917500000000  2.0 2.0
  379  C   5.350500000000 14.268000000000  8.917500000000  2.0 2.0
  380  C   5.350500000000 16.051500000000  7.134000000000  2.0 2.0
  381  C   4.458750000000 15.159750000000  8.025750000000  2.0 2.0
  382  C   4.458750000000 16.943250000000  9.809250000000  2.0 2.0
  383  C   6.242250000000 15.159750000000  9.809250000000  2.0 2.0
  384  C   6.242250000000 16.943250000000  8.025750000000  2.0 2.0
  385  C   3.567000000000 14.268000000000 10.701000000000  2.0 2.0
  386  C   3.567000000000 16.051500000000 12.484500000000  2.0 2.0
  387  C   5.350500000000 14.268000000000 12.484500000000  2.0 2.0
  388  C   5.350500000000 16.051500000000 10.701000000000  2.0 2.0
  389  C   4.458750000000 15.159750000000 11.592750000000  2.0 2.0
  390  C   4.458750000000 16.943250000000 13.376250000000  2.0 2.0
  391  C   6.242250000000 15.159750000000 13.376250000000  2.0 2.0
  392  C   6.242250000000 16.943250000000 11.592750000000  2.0 2.0
  393  C   3.567000000000 14.268000000000 14.268000000000  2.0 2.0
  394  C   3.567000000000 16.051500000000 16.051500000000  2.0 2.0
  395  C   5.350500000000 14.268000000000 16.051500000000  2.0 2.0
  396  C   5.350500000000 16.051500000000 14.268000000000  2.0 2.0
  397  C   4.458750000000 15.159750000000 15.159750000000  2.0 2.0
  398  C   4.458750000000 16.943250000000 16.943250000000  2.0 2.0
  399  C   6.242250000000 15.159750000000 16.943250000000  2.0 2.0
  400  C   6.242250000000 16.943250000000 15.159750000000  2.0 2.0
  401  C   7.134000000000  0.000000000000  0.000000000000  2.0 2.0
  402  C   7.134000000000  1.783500000000  1.783500000000  2.0 2.0
  403  C   8.917500000000  0.000000000000  1.783500000000  2.0 2.0
  404  C   8.917500000000  1.783500000000  0.000000000000  2.0 2.0
  405  C   8.025750000000  0.891750000000  0.891750000000  2.0 2.0
  406  C   8.025750000000  2.675250000000  2.675250000000  2.0 2.0
  407  C   9.809250000000  0.891750000000  2.675250000000  2.0 2.0
  408  C   9.809250000000  2.675250000000  0.891750000000  2.0 2.0
  409  C   7.134000000000  0.000000000000  3.567000000000  2.0 2.0
  410  C   7.134000000000  1.783500000000  5.350500000000  2.0 2.0
  411  C   8.917500000000  0.000000000000  5.350500000000  2.0 2.0
  412  C   8.917500000000  1.783500000000  3.567000000000  2.0 2.0
  413  C   8.025750000000  0.891750000000  4.458750000000  2.0 2.0
  414  C   8.025750000000  2.675250000000  6.242250000000  2.0 2.0
  415  C   9.809250000000  0.891750000000  6.242250000000  2.0 2.0
  416  C   9.809250000000  2.675250000000  4.458750000000  2.0 2.0
  417  C   7.134000000000  0.000000000000  7.134000000000  2.0 2.0
  418  C   7.134000000000  1.783500000000  8.917500000000  2.0 2.0
  419  C   8.917500000000  0.000000000000  8.917500000000  2.0 2.0
  420  C   8.917500000000  1.783500000000  7.134000000000  2.0 2.0
  421  C   8.025750000000  0.891750000000  8.025750000000  2.0 2.0
  422  C   8.025750000000  2.675250000000  9.809250000000  2.0 2.0
  423  C   9.809250000000  0.891750000000  9.809250000000  2.0 2.0
  424  C   9.809250000000  2.675250000000  8.025750000000  2.0 2.0
  425  C   7.134000000000  0.000000000000 10.701000000000  2.0 2.0
  426  C   7.134000000000  1.783500000000 12.484500000000  2.0 2.0
  427  C   8.917500000000  0.000000000000 12.484500000000  2.0 2.0
  428  C   8.917500000000  1.783500000000 10.701000000000  2.0 2.0
  429  C   8.025750000000  0.891750000000 11.592750000000  2.0 2.0
  430  C   8.025750000000  2.675250000000 13.376250000000  2.0 2.0
  431  C   9.809250000000  0.891750000000 13.376250000000  2.0 2.0
  432  C   9.809250000000  2.675250000000 11.592750000000  2.0 2.0
  433  C   7.134000000000  0.000000000000 14.268000000000  2.0 2.0
  434  C   7.134000000000  1.783500000000 16.051500000000  2.0 2.0
  435  C   8.917500000000  0.000000000000 16.051500000000  2.0 2.0
  436  C   8.917500000000  1.783500000000 14.268000000000  2.0 2.0
  437  C   8.025750000000  0.891750000000 15.159750000000  2.0 2.0
  438  C   8.025750000000  2.675250000000 16.943250000000  2.0 2.0
  439  C   9.809250000000  0.891750000000 16.943250000000  2.0 2.0
  440  C   9.809250000000  2.675250000000 15.159750000000  2.0 2.0
  441  C   7.134000000000  3.567000000000  0.000000000000  2.0 2.0
  442  C   7.134000000000  5.350500000000  1.783500000000  2.0 2.0
  443  C   8.917500000000  3.567000000000  1.783500000000  2.0 2.0
  444  C   8.917500000000  5.350500000000  0.000000000000  2.0 2.0
  445  C   8.025750000000  4.458750000000  0.891750000000  2.0 2.0
  446  C   8.025750000000  6.242250000000  2.675250000000  2.0 2.0
  447  C   9.809250000000  4.458750000000  2.675250000000  2.0 2.0
  448  C   9.809250000000  6.242250000000  0.891750000000  2.0 2.0
  449  C   7.134000000000  3.567000000000  3.567000000000  2.0 2.0
  450  C   7.134000000000  5.350500000000  5.350500000000  2.0 2.0
  451  C   8.917500000000  3.567000000000  5.350500000000  2.0 2.0
  452  C   8.917500000000  5.350500000000  3.567000000000  2.0 2.0
  453  C   8.025750000000  4.458750000000  4.458750000000  2.0 2.0
  454  C   8.025750000000  6.242250000000  6.242250000000  2.0 2.0
  455  C   9.809250000000  4.458750000000  6.242250000000  2.0 2.0
  456  C   9.809250000000  6.242250000000  4.458750000000  2.0 2.0
  457  C   7.134000000000  3.567000000000  7.134000000000  2.0 2.0
  458  C   7.134000000000  5.350500000000  8.917500000000  2.0 2.0
  459  C   8.917500000000  3.567000000000  8.917500000000  2.0 2.0
  460  C   8.917500000000  5.350500000000  7.134000000000  2.0 2.0
  461  C   8.025750000000  4.458750000000  8.025750000000  2.0 2.0
  462  C   8.025750000000  6.242250000000  9.809250000000  2.0 2.0
  463  C   9.809250000000  4.458750000000  9.809250000000  2.0 2.0
  464  C   9.809250000000  6.242250000000  8.025750000000  2.0 2.0
  465  C   7.134000000000  3.567000000000 10.701000000000  2.0 2.0
  466  C   7.134000000000  5.350500000000 12.484500000000  2.0 2.0
  467  C   8.917500000000  3.567000000000 12.484500000000  2.0 2.0
  468  C   8.917500000000  5.350500000000 10.701000000000  2.0 2.0
  469  C   8.025750000000  4.458750000000 11.592750000000  2.0 2.0
  470  C   8.025750000000  6.242250000000 13.376250000000  2.0 2.0
  471  C   9.809250000000  4.458750000000 13.376250000000  2.0 2.0
  472  C   9.809250000000  6.242250000000 11.592750000000  2.0 2.0
  473  C   7.134000000000  3.567000000000 14.268000000000  2.0 2.0
  474  C   7.134000000000  5.350500000000 16.051500000000  2.0 2.0
  475  C   8.917500000000  3.567000000000 16.051500000000  2.0 2.0
  476  C   8.917500000000  5.350500000000 14.268000000000  2.0 2.0
  477  C   8.025750000000  4.458750000000 15.159750000000  2.0 2.0
  478  C   8.025750000000  6.242250000000 16.943250000000  2.0 2.0
  479  C   9.809250000000  4.458750000000 16.943250000000  2.0 2.0
  480  C   9.809250000000  6.242250000000 15.159750000000  2.0 2.0
  481  C   7.134000000000  7.134000000000  0.000000000000  2.0 2.0
  482  C   7.134000000000  8.917500000000  1.783500000000  2.0 2.0
  483  C   8.917500000000  7.134000000000  1.783500000000  2.0 2.0
  484  C   8.917500000000  8.917500000000  0.000000000000  2.0 2.0
  485  C   8.025750000000  8.025750000000  0.891750000000  2.0 2.0
  486  C   8.025750000000  9.809250000000  2.675250000000  2.0 2.0
  487  C   9.809250000000  8.025750000000  2.675250000000  2.0 2.0
  488  C   9.809250000000  9.809250000000  0.891750000000  2.0 2.0
  489  C   7.134000000000  7.134000000000  3.567000000000  2.0 2.0
  490  C   7.134000000000  8.917500000000  5.350500000000  2.0 2.0
  491  C   8.917500000000  7.134000000000  5.350500000000  2.0 2.0
  492  C   8.917500000000  8.917500000000  3.567000000000  2.0 2.0
  493  C   8.025750000000  8.025750000000  4.458750000000  2.0 2.0
  494  C   8.025750000000  9.809250000000  6.242250000000  2.0 2.0
  495  C   9.809250000000  8.025750000000  6.242250000000  2.0 2.0
  496  C   9.809250000000  9.809250000000  4.458750000000  2.0 2.0
  497  C   7.134000000000  7.134000000000  7.134000000000  2.0 2.0
  498  C   7.134000000000  8.917500000000  8.917500000000  2.0 2.0
  499  C   8.917500000000  7.134000000000  8.917500000000  2.0 2.0
  500  C   8.917500000000  8.917500000000  7.134000000000  2.0 2.0
  501  C   8.025750000000  8.025750000000  8.025750000000  2.0 2.0
  502  C   8.025750000000  9.809250000000  9.809250000000  2.0 2.0
  503  C   9.809250000000  8.025750000000  9.809250000000  2.0 2.0
  504  C   9.809250000000  9.809250000000  8.025750000000  2.0 2.0
  505  C   7.134000000000  7.134000000000 10.701000000000  2.0 2.0
  506  C   7.134000000000  8.917500000000 12.484500000000  2.0 2.0
  507  C   8.917500000000  7.134000000000 12.484500000000  2.0 2.0
  508  C   8.917500000000  8.917500000000 10.701000000000  2.0 2.0
  509  C   8.025750000000  8.025750000000 11.592750000000  2.0 2.0
  510  C   8.025750000000  9.809250000000 13.376250000000  2.0 2.0
  511  C   9.809250000000  8.025750000000 13.376250000000  2.0 2.0
  512  C   9.809250000000  9.809250000000 11.592750000000  2.0 2.0
  513  C   7.134000000000  7.134000000000 14.268000000000  2.0 2.0
  514  C   7.134000000000  8.917500000000 16.051500000000  2.0 2.0
  515  C   8.917500000000  7.134000000000 16.051500000000  2.0 2.0
  516  C   8.917500000000  8.917500000000 14.268000000000  2.0 2.0
  517  C   8.025750000000  8.025750000000 15.159750000000  2.0 2.0
  518  C   8.025750000000  9.809250000000 16.943250000000  2.0 2.0
  519  C   9.809250000000  8.025750000000 16.943250000000  2.0 2.0
  520  C   9.809250000000  9.809250000000 15.159750000000  2.0 2.0
  521  C   7.134000000000 10.701000000000  0.000000000000  2.0 2.0
  522  C   7.134000000000 12.484500000000  1.783500000000  2.0 2.0
  523  C   8.917500000000 10.701000000000  1.783500000000  2.0 2.0
  524  C   8.917500000000 12.484500000000  0.000000000000  2.0 2.0
  525  C   8.025750000000 11.592750000000  0.891750000000  2.0 2.0
  526  C   8.025750000000 13.376250000000  2.675250000000  2.0 2.0
  527  C   9.809250000000 11.592750000000  2.675250000000  2.0 2.0
  528  C   9.809250000000 13.376250000000  0.891750000000  2.0 2.0
  529  C   7.134000000000 10.701000000000  3.567000000000  2.0 2.0
  530  C   7.134000000000 12.484500000000  5.350500000000  2.0 2.0
  531  C   8.917500000000 10.701000000000  5.350500000000  2.0 2.0
  532  C   8.917500000000 12.484500000000  3.567000000000  2.0 2.0
  533  C   8.025750000000 11.592750000000  4.458750000000  2.0 2.0
  534  C   8.025750000000 13.376250000000  6.242250000000  2.0 2.0
  535  C   9.809250000000 11.592750000000  6.242250000000  2.0 2.0
  536  C   9.809250000000 13.376250000000  4.458750000000  2.0 2.0
  537  C   7.134000000000 10.701000000000  7.134000000000  2.0 2.0
  538  C   7.134000000000 12.484500000000  8.917500000000  2.0 2.0
  539  C   8.917500000000 10.701000000000  8.917500000000  2.0 2.0
  540  C   8.917500000000 12.484500000000  7.134000000000  2.0 2.0
  541  C   8.025750000000 11.592750000000  8.025750000000  2.0 2.0
  542  C   8.025750000000 13.376250000000  9.809250000000  2.0 2.0
  543  C   9.809250000000 11.592750000000  9.809250000000  2.0 2.0
  544  C   9.809250000000 13.376250000000  8.025750000000  2.0 2.0
  545  C   7.134000000000 10.701000000000 10.701000000000  2.0 2.0
  546  C   7.134000000000 12.484500000000 12.484500000000  2.0 2.0
  547  C   8.917500000000 10.701000000000 12.484500000000  2.0 2.0
  548  C   8.917500000000 12.484500000000 10.701000000000  2.0 2.0
  549  C   8.025750000000 11.592750000000 11.592750000000  2.0 2.0
  550  C   8.025750000000 13.376250000000 13.376250000000  2.0 2.0
  551  C   9.809250000000 11.592750000000 13.376250000000  2.0 2.0
  552  C   9.809250000000 13.376250000000 11.592750000000  2.0 2.0
  553  C   7.134000000000 10.701000000000 14.268000000000  2.0 2.0
  554  C   7.134000000000 12.484500000000 16.051500000000  2.0 2.0
  555  C   8.917500000000 10.701000000000 16.051500000000  2.0 2.0
  556  C   8.917500000000 12.484500000000 14.268000000000  2.0 2.0
  557  C   8.025750000000 11.592750000000 15.159750000000  2.0 2.0
  558  C   8.025750000000 13.376250000000 16.943250000000  2.0 2.0
  559  C   9.809250000000 11.592750000000 16.943250000000  2.0 2.0
  560  C   9.809250000000 13.376250000000 15.159750000000  2.0 2.0
  561  C   7.134000000000 14.268000000000  0.000000000000  2.0 2.0
  562  C   7.134000000000 16.051500000000  1.783500000000  2.0 2.0
  563  C   8.917500000000 14.268000000000  1.783500000000  2.0 2.0
  564  C   8.917500000000 16.051500000000  0.000000000000  2.0 2.0
  565  C   8.025750000000 15.159750000000  0.891750000000  2.0 2.0
  566  C   8.025750000000 16.943250000000  2.675250000000  2.0 2.0
  567  C   9.809250000000 15.159750000000  2.675250000000  2.0 2.0
  568  C   9.809250000000 16.943250000000  0.891750000000  2.0 2.0
  569  C   7.134000000000 14.268000000000  3.567000000000  2.0 2.0
  570  C   7.134000000000 16.051500000000  5.350500000000  2.0 2.0
  571  C   8.917500000000 14.268000000000  5.350500000000  2.0 2.0
  572  C   8.917500000000 16.051500000000  3.567000000000  2.0 2.0
  573  C   8.025750000000 15.159750000000  4.458750000000  2.0 2.0
  574  C   8.025750000000 16.943250000000  6.242250000000  2.0 2.0
  575  C   9.809250000000 15.159750000000  6.242250000000  2.0 2.0
  576  C   9.809250000000 16.943250000000  4.458750000000  2.0 2.0
  577  C   7.134000000000 14.268000000000  7.134000000000  2.0 2.0
  578  C   7.134000000000 16.051500000000  8.917500000000  2.0 2.0
  579  C   8.917500000000 14.268000000000  8.917500000000  2.0 2.0
  580  C   8.917500000000 16.051500000000  7.134000000000  2.0 2.0
  581  C   8.025750000000 15.159750000000  8.025750000000  2.0 2.0
  582  C   8.025750000000 16.943250000000  9.809250000000  2.0 2.0
  583  C   9.809250000000 15.159750000000  9.809250000000  2.0 2.0
  584  C   9.809250000000 16.943250000000  8.025750000000  2.0 2.0
  585  C   7.134000000000 14.268000000000 10.701000000000  2.0 2.0
  586  C   7.134000000000 16.051500000000 12.484500000000  2.0 2.0
  587  C   8.917500000000 14.268000000000 12.484500000000  2.0 2.0
  588  C   8.917500000000 16.051500000000 10.701000000000  2.0 2.0
  589  C   8.025750000000 15.159750000000 11.592750000000  2.0 2.0
  590  C   8.025750000000 16.943250000000 13.376250000000  2.0 2.0
  591  C   9.809250000000 15.159750000000 13.376250000000  2.0 2.0
  592  C   9.809250000000 16.943250000000 11.592750000000  2.0 2.0
  593  C   7.134000000000 14.268000000000 14.268000000000  2.0 2.0
  594  C   7.134000000000 16.051500000000 16.051500000000  2.0 2.0
  595  C   8.917500000000 14.268000000000 16.051500000000  2.0 2.0
  596  C   8.917500000000 16.051500000000 14.268000000000  2.0 2.0
  597  C   8.025750000000 15.159750000000 15.159750000000  2.0 2.0
  598  C   8.025750000000 16.943250000000 16.943250000000  2.0 2.0
  599  C   9.809250000000 15.159750000000 16.943250000000  2.0 2.0
  600  C   9.809250000000 16.943250000000 15.159750000000  2.0 2.0
  601  C  10.701000000000  0.000000000000  0.000000000000  2.0 2.0
  602  C  10.701000000000  1.783500000000  1.783500000000  2.0 2.0
  603  C  12.484500000000  0.000000000000  1.783500000000  2.0 2.0
  604  C  12.484500000000  1.783500000000  0.000000000000  2.0 2.0
  605  C  11.592750000000  0.891750000000  0.891750000000  2.0 2.0
  606  C  11.592750000000  2.675250000000  2.675250000000  2.0 2.0
  607  C  13.376250000000  0.891750000000  2.675250000000  2.0 2.0
  608  C  13.376250000000  2.675250000000  0.891750000000  2.0 2.0
  609  C  10.701000000000  0.000000000000  3.567000000000  2.0 2.0
  610  C  10.701000000000  1.783500000000  5.350500000000  2.0 2.0
  611  C  12.484500000000  0.000000000000  5.350500000000  2.0 2.0
  612  C  12.484500000000  1.783500000000  3.567000000000  2.0 2.0
  613  C  11.592750000000  0.891750000000  4.458750000000  2.0 2.0
  614  C  11.592750000000  2.675250000000  6.242250000000  2.0 2.0
  615  C  13.376250000000  0.891750000000  6.242250000000  2.0 2.0
  616  C  13.376250000000  2.675250000000  4.458750000000  2.0 2.0
  617  C  10.701000000000  0.000000000000  7.134000000000  2.0 2.0
  618  C  10.701000000000  1.783500000000  8.917500000000  2.0 2.0
  619  C  12.484500000000  0.000000000000  8.917500000000  2.0 2.0
  620  C  12.484500000000  1.783500000000  7.134000000000  2.0 2.0
  621  C  11.592750000000  0.891750000000  8.025750000000  2.0 2.0
  622  C  11.592750000000  2.675250000000  9.809250000000  2.0 2.0
  623  C  13.376250000000  0.891750000000  9.809250000000  2.0 2.0
  624  C  13.376250000000  2.675250000000  8.025750000000  2.0 2.0
  625  C  10.701000000000  0.000000000000 10.701000000000  2.0 2.0
  626  C  10.701000000000  1.783500000000 12.484500000000  2.0 2.0
  627  C  12.484500000000  0.000000000000 12.484500000000  2.0 2.0
  628  C  12.484500000000  1.783500000000 10.701000000000  2.0 2.0
  629  C  11.592750000000  0.891750000000 11.592750000000  2.0 2.0
  630  C  11.592750000000  2.675250000000 13.376250000000  2.0 2.0
  631  C  13.376250000000  0.891750000000 13.376250000000  2.0 2.0
  632  C  13.376250000000  2.675250000000 11.592750000000  2.0 2.0
  633  C  10.701000000000  0.000000000000 14.268000000000  2.0 2.0
  634  C  10.701000000000  1.783500000000 16.051500000000  2.0 2.0
  635  C  12.484500000000  0.000000000000 16.051500000000  2.0 2.0
  636  C  12.484500000000  1.783500000000 14.268000000000  2.0 2.0
  637  C  11.592750000000  0.891750000000 15.159750000000  2.0 2.0
  638  C  11.592750000000  2.675250000000 16.943250000000  2.0 2.0
  639  C  13.376250000000  0.891750000000 16.943250000000  2.0 2.0
  640  C  13.376250000000  2.675250000000 15.159750000000  2.0 2.0
  641  C  10.701000000000  3.567000000000  0.000000000000  2.0 2.0
  642  C  10.701000000000  5.350500000000  1.783500000000  2.0 2.0
  643  C  12.484500000000  3.567000000000  1.783500000000  2.0 2.0
  644  C  12.484500000000  5.350500000000  0.000000000000  2.0 2.0
  645  C  11.592750000000  4.458750000000  0.891750000000  2.0 2.0
  646  C  11.592750000000  6.242250000000  2.675250000000  2.0 2.0
  647  C  13.376250000000  4.458750000000  2.675250000000  2.0 2.0
  648  C  13.376250000000  6.242250000000  0.891750000000  2.0 2.0
  649  C  10.701000000000  3.567000000000  3.567000000000  2.0 2.0
  650  C  10.701000000000  5.350500000000  5.350500000000  2.0 2.0
  651  C  12.484500000000  3.567000000000  5.350500000000  2.0 2.0
  652  C  12.484500000000  5.350500000000  3.567000000000  2.0 2.0
  653  C  11.592750000000  4.458750000000  4.458750000000  2.0 2.0
  654  C  11.592750000000  6.242250000000  6.242250000000  2.0 2.0
  655  C  13.376250000000  4.458750000000  6.242250000000  2.0 2.0
  656  C  13.376250000000  6.242250000000  4.458750000000  2.0 2.0
  657  C  10.701000000000  3.567000000000  7.134000000000  2.0 2.0
  658  C  10.701000000000  5.350500000000  8.917500000000  2.0 2.0
  659  C  12.484500000000  3.567000000000  8.917500000000  2.0 2.0
  660  C  12.484500000000  5.350500000000  7.134000000000  2.0 2.0
  661  C  11.592750000000  4.458750000000  8.025750000000  2.0 2.0
  662  C  11.592750000000  6.242250000000  9.809250000000  2.0 2.0
  663  C  13.376250000000  4.458750000000  9.809250000000  2.0 2.0
  664  C  13.376250000000  6.242250000000  8.025750000000  2.0 2.0
  665  C  10.701000000000  3.567000000000 10.701000000000  2.0 2.0
  666  C  10.701000000000  5.350500000000 12.484500000000  2.0 2.0
  667  C  12.484500000000  3.567000000000 12.484500000000  2.0 2.0
  668  C  12.484500000000  5.350500000000 10.701000000000  2.0 2.0
  669  C  11.592750000000  4.458750000000 11.592750000000  2.0 2.0
  670  C  11.592750000000  6.242250000000 13.376250000000  2.0 2.0
  671  C  13.376250000000  4.458750000000 13.376250000000  2.0 2.0
  672  C  13.376250000000  6.242250000000 11.592750000000  2.0 2.0
  673  C  10.701000000000  3.567000000000 14.268000000000  2.0 2.0
  674  C  10.701000000000  5.350500000000 16.051500000000  2.0 2.0
  675  C  12.484500000000  3.567000000000 16.051500000000  2.0 2.0
  676  C  12.484500000000  5.350500000000 14.268000000000  2.0 2.0
  677  C  11.592750000000  4.458750000000 15.159750000000  2.0 2.0
  678  C  11.592750000000  6.242250000000 16.943250000000  2.0 2.0
  679  C  13.376250000000  4.458750000000 16.943250000000  2.0 2.0
  680  C  13.376250000000  6.242250000000 15.159750000000  2.0 2.0
  681  C  10.701000000000  7.134000000000  0.000000000000  2.0 2.0
  682  C  10.701000000000  8.917500000000  1.783500000000  2.0 2.0
  683  C  12.484500000000  7.134000000000  1.783500000000  2.0 2.0
  684  C  12.484500000000  8.917500000000  0.000000000000  2.0 2.0
  685  C  11.592750000000  8.025750000000  0.891750000000  2.0 2.0
  686  C  11.592750000000  9.809250000000  2.675250000000  2.0 2.0
  687  C  13.376250000000  8.025750000000  2.675250000000  2.0 2.0
  688  C  13.376250000000  9.809250000000  0.891750000000  2.0 2.0
  689  C  10.701000000000  7.134000000000  3.567000000000  2.0 2.0
  690  C  10.701000000000  8.917500000000  5.350500000000  2.0 2.0
  691  C  12.484500000000  7.134000000000  5.350500000000  2.0 2.0
  692  C  12.484500000000  8.917500000000  3.567000000000  2.0 2.0
  693  C  11.592750000000  8.025750000000  4.458750000000  2.0 2.0
  694  C  11.592750000000  9.809250000000  6.242250000000  2.0 2.0
  695  C  13.376250000000  8.025750000000  6.242250000000  2.0 2.0
  696  C  13.376250000000  9.809250000000  4.458750000000  2.0 2.0
  697  C  10.701000000000  7.134000000000  7.134000000000  2.0 2.0
  698  C  10.701000000000  8.917500000000  8.917500000000  2.0 2.0
  699  C  12.484500000000  7.134000000000  8.917500000000  2.0 2.0
  700  C  12.484500000000  8.917500000000  7.134000000000  2.0 2.0
  701  C  11.592750000000  8.025750000000  8.025750000000  2.0 2.0
  702  C  11.592750000000  9.809250000000  9.809250000000  2.0 2.0
  703  C  13.376250000000  8.025750000000  9.809250000000  2.0 2.0
  704  C  13.376250000000  9.809250000000  8.025750000000  2.0 2.0
  705  C  10.701000000000  7.134000000000 10.701000000000  2.0 2.0
  706  C  10.701000000000  8.917500000000 12.484500000000  2.0 2.0
  707  C  12.484500000000  7.134000000000 12.484500000000  2.0 2.0
  708  C  12.484500000000  8.917500000000 10.701000000000  2.0 2.0
  709  C  11.592750000000  8.025750000000 11.592750000000  2.0 2.0
  710  C  11.592750000000  9.809250000000 13.376250000000  2.0 2.0
  711  C  13.376250000000  8.025750000000 13.376250000000  2.0 2.0
  712  C  13.376250000000  9.809250000000 11.592750000000  2.0 2.0
  713  C  10.701000000000  7.134000000000 14.268000000000  2.0 2.0
  714  C  10.701000000000  8.917500000000 16.051500000000  2.0 2.0
  715  C  12.484500000000  7.134000000000 16.051500000000  2.0 2.0
  716  C  12.484500000000  8.917500000000 14.268000000000  2.0 2.0
  717  C  11.592750000000  8.025750000000 15.159750000000  2.0 2.0
  718  C  11.592750000000  9.809250000000 16.943250000000  2.0 2.0
  719  C  13.376250000000  8.025750000000 16.943250000000  2.0 2.0
  720  C  13.376250000000  9.809250000000 15.159750000000  2.0 2.0
  721  C  10.701000000000 10.701000000000  0.000000000000  2.0 2.0
  722  C  10.701000000000 12.484500000000  1.783500000000  2.0 2.0
  723  C  12.484500000000 10.701000000000  1.783500000000  2.0 2.0
  724  C  12.484500000000 12.484500000000  0.000000000000  2.0 2.0
  725  C  11.592750000000 11.592750000000  0.891750000000  2.0 2.0
  726  C  11.592750000000 13.376250000000  2.675250000000  2.0 2.0
  727  C  13.376250000000 11.592750000000  2.675250000000  2.0 2.0
  728  C  13.376250000000 13.376250000000  0.891750000000  2.0 2.0
  729  C  10.701000000000 10.701000000000  3.567000000000  2.0 2.0
  730  C  10.701000000000 12.484500000000  5.350500000000  2.0 2.0
  731  C  12.484500000000 10.701000000000  5.350500000000  2.0 2.0
  732  C  12.484500000000 12.484500000000  3.567000000000  2.0 2.0
  733  C  11.592750000000 11.592750000000  4.458750000000  2.0 2.0
  734  C  11.592750000000 13.376250000000  6.242250000000  2.0 2.0
  735  C  13.376250000000 11.592750000000  6.242250000000  2.0 2.0
  736  C  13.376250000000 13.376250000000  4.458750000000  2.0 2.0
  737  C  10.701000000000 10.701000000000  7.134000000000  2.0 2.0
  738  C  10.701000000000 12.484500000000  8.917500000000  2.0 2.0
  739  C  12.484500000000 10.701000000000  8.917500000000  2.0 2.0
  740  C  12.484500000000 12.484500000000  7.134000000000  2.0 2.0
  741  C  11.592750000000 11.592750000000  8.025750000000  2.0 2.0
  742  C  11.592750000000 13.376250000000  9.809250000000  2.0 2.0
  743  C  13.376250000000 11.592750000000  9.809250000000  2.0 2.0
  744  C  13.376250000000 13.376250000000  8.025750000000  2.0 2.0
  745  C  10.701000000000 10.701000000000 10.701000000000  2.0 2.0
  746  C  10.701000000000 12.484500000000 12.484500000000  2.0 2.0
  747  C  12.484500000000 10.701000000000 12.484500000000  2.0 2.0
  748  C  12.484500000000 12.484500000000 10.701000000000  2.0 2.0
  749  C  11.592750000000 11.592750000000 11.592750000000  2.0 2.0
  750  C  11.592750000000 13.376250000000 13.376250000000  2.0 2.0
  751  C  13.376250000000 11.592750000000 13.376250000000  2.0 2.0
  752  C  13.376250000000 13.376250000000 11.592750000000  2.0 2.0
  753  C  10.701000000000 10.701000000000 14.268000000000  2.0 2.0
  754  C  10.701000000000 12.484500000000 16.051500000000  2.0 2.0
  755  C  12.484500000000 10.701000000000 16.051500000000  2.0 2.0
  756  C  12.484500000000 12.484500000000 14.268000000000  2.0 2.0
  757  C  11.592750000000 11.592750000000 15.159750000000  2.0 2.0
  758  C  11.592750000000 13.376250000000 16.943250000000  2.0 2.0
  759  C  13.376250000000 11.592750000000 16.943250000000  2.0 2.0
  760  C  13.376250000000 13.376250000000 15.159750000000  2.0 2.0
  761  C  10.701000000000 14.268000000000  0.000000000000  2.0 2.0
  762  C  10.701000000000 16.051500000000  1.783500000000  2.0 2.0
  763  C  12.484500000000 14.268000000000  1.783500000000  2.0 2.0
  764  C  12.484500000000 16.051500000000  0.000000000000  2.0 2.0
  765  C  11.592750000000 15.159750000000  0.891750000000  2.0 2.0
  766  C  11.592750000000 16.943250000000  2.675250000000  2.0 2.0
  767  C  13.376250000000 15.159750000000  2.675250000000  2.0 2.0
  768  C  13.376250000000 16.943250000000  0.891750000000  2.0 2.0
  769  C  10.701000000000 14.268000000000  3.567000000000  2.0 2.0
  770  C  10.701000000000 16.051500000000  5.350500000000  2.0 2.0
  771  C  12.484500000000 14.268000000000  5.350500000000  2.0 2.0
  772  C  12.484500000000 16.051500000000  3.567000000000  2.0 2.0
  773  C  11.592750000000 15.159750000000  4.458750000000  2.0 2.0
  774  C  11.592750000000 16.943250000000  6.242250000000  2.0 2.0
  775  C  13.376250000000 15.159750000000  6.242250000000  2.0 2.0
  776  C  13.376250000000 16.943250000000  4.458750000000  2.0 2.0
  777  C  10.701000000000 14.268000000000  7.134000000000  2.0 2.0
  778  C  10.701000000000 16.051500000000  8.917500000000  2.0 2.0
  779  C  12.484500000000 14.268000000000  8.917500000000  2.0 2.0
  780  C  12.484500000000 16.051500000000  7.134000000000  2.0 2.0
  781  C  11.592750000000 15.159750000000  8.025750000000  2.0 2.0
  782  C  11.592750000000 16.943250000000  9.809250000000  2.0 2.0
  783  C  13.376250000000 15.159750000000  9.809250000000  2.0 2.0
  784  C  13.376250000000 16.943250000000  8.025750000000  2.0 2.0
  785  C  10.701000000000 14.268000000000 10.701000000000  2.0 2.0
  786  C  10.701000000000 16.051500000000 12.484500000000  2.0 2.0
  787  C  12.484500000000 14.268000000000 12.484500000000  2.0 2.0
  788  C  12.484500000000 16.051500000000 10.701000000000  2.0 2.0
  789  C  11.592750000000 15.159750000000 11.592750000000  2.0 2.0
  790  C  11.592750000000 16.943250000000 13.376250000000  2.0 2.0
  791  C  13.376250000000 15.159750000000 13.376250000000  2.0 2.0
  792  C  13.376250000000 16.943250000000 11.592750000000  2.0 2.0
  793  C  10.701000000000 14.268000000000 14.268000000000  2.0 2.0
  794  C  10.701000000000 16.051500000000 16.051500000000  2.0 2.0
  795  C  12.484500000000 14.268000000000 16.051500000000  2.0 2.0
  796  C  12.484500000000 16.051500000000 14.268000000000  2.0 2.0
  797  C  11.592750000000 15.159750000000 15.159750000000  2.0 2.0
  798  C  11.592750000000 16.943250000000 16.943250000000  2.0 2.0
  799  C  13.376250000000 15.159750000000 16.943250000000  2.0 2.0
  800  C  13.376250000000 16.943250000000 15.159750000000  2.0 2.0
  801  C  14.268000000000  0.000000000000  0.000000000000  2.0 2.0
  802  C  14.268000000000  1.783500000000  1.783500000000  2.0 2.0
  803  C  16.051500000000  0.000000000000  1.783500000000  2.0 2.0
  804  C  16.051500000000  1.783500000000  0.000000000000  2.0 2.0
  805  C  15.159750000000  0.891750000000  0.891750000000  2.0 2.0
  806  C  15.159750000000  2.675250000000  2.675250000000  2.0 2.0
  807  C  16.943250000000  0.891750000000  2.675250000000  2.0 2.0
  808  C  16.943250000000  2.675250000000  0.891750000000  2.0 2.0
  809  C  14.268000000000  0.000000000000  3.567000000000  2.0 2.0
  810  C  14.268000000000  1.783500000000  5.350500000000  2.0 2.0
  811  C  16.051500000000  0.000000000000  5.350500000000  2.0 2.0
  812  C  16.051500000000  1.783500000000  3.567000000000  2.0 2.0
  813  C  15.159750000000  0.891750000000  4.458750000000  2.0 2.0
  814  C  15.159750000000  2.675250000000  6.242250000000  2.0 2.0
  815  C  16.943250000000  0.891750000000  6.242250000000  2.0 2.0
  816  C  16.943250000000  2.675250000000  4.458750000000  2.0 2.0
  817  C  14.268000000000  0.000000000000  7.134000000000  2.0 2.0
  818  C  14.268000000000  1.783500000000  8.917500000000  2.0 2.0
  819  C  16.051500000000  0.000000000000  8.917500000000  2.0 2.0
  820  C  16.051500000000  1.783500000000  7.134000000000  2.0 2.0
  821  C  15.159750000000  0.891750000000  8.025750000000  2.0 2.0
  822  C  15.159750000000  2.675250000000  9.809250000000  2.0 2.0
  823  C  16.943250000000  0.891750000000  9.809250000000  2.0 2.0
  824  C  16.943250000000  2.675250000000  8.025750000000  2.0 2.0
  825  C  14.268000000000  0.000000000000 10.701000000000  2.0 2.0
  826  C  14.268000000000  1.783500000000 12.484500000000  2.0 2.0
  827  C  16.051500000000  0.000000000000 12.484500000000  2.0 2.0
  828  C  16.051500000000  1.783500000000 10.701000000000  2.0 2.0
  829  C  15.159750000000  0.891750000000 11.592750000000  2.0 2.0
  830  C  15.159750000000  2.675250000000 13.376250000000  2.0 2.0
  831  C  16.943250000000  0.891750000000 13.376250000000  2.0 2.0
  832  C  16.943250000000  2.675250000000 11.592750000000  2.0 2.0
  833  C  14.268000000000  0.000000000000 14.268000000000  2.0 2.0
  834  C  14.268000000000  1.783500000000 16.051500000000  2.0 2.0
  835  C  16.051500000000  0.000000000000 16.051500000000  2.0 2.0
  836  C  16.051500000000  1.783500000000 14.268000000000  2.0 2.0
  837  C  15.159750000000  0.891750000000 15.159750000000  2.0 2.0
  838  C  15.159750000000  2.675250000000 16.943250000000  2.0 2.0
  839  C  16.943250000000  0.891750000000 16.943250000000  2.0 2.0
  840  C  16.943250000000  2.675250000000 15.159750000000  2.0 2.0
  841  C  14.268000000000  3.567000000000  0.000000000000  2.0 2.0
  842  C  14.268000000000  5.350500000000  1.783500000000  2.0 2.0
  843  C  16.051500000000  3.567000000000  1.783500000000  2.0 2.0
  844  C  16.051500000000  5.350500000000  0.000000000000  2.0 2.0
  845  C  15.159750000000  4.458750000000  0.891750000000  2.0 2.0
  846  C  15.159750000000  6.242250000000  2.675250000000  2.0 2.0
  847  C  16.943250000000  4.458750000000  2.675250000000  2.0 2.0
  848  C  16.943250000000  6.242250000000  0.891750000000  2.0 2.0
  849  C  14.268000000000  3.567000000000  3.567000000000  2.0 2.0
  850  C  14.268000000000  5.350500000000  5.350500000000  2.0 2.0
  851  C  16.051500000000  3.567000000000  5.350500000000  2.0 2.0
  852  C  16.051500000000  5.350500000000  3.567000000000  2.0 2.0
  853  C  15.159750000000  4.458750000000  4.458750000000  2.0 2.0
  854  C  15.159750000000  6.242250000000  6.242250000000  2.0 2.0
  855  C  16.943250000000  4.458750000000  6.242250000000  2.0 2.0
  856  C  16.943250000000  6.242250000000  4.458750000000  2.0 2.0
  857  C  14.268000000000  3.567000000000  7.134000000000  2.0 2.0
  858  C  14.268000000000  5.350500000000  8.917500000000  2.0 2.0
  859  C  16.051500000000  3.567000000000  8.917500000000  2.0 2.0
  860  C  16.051500000000  5.350500000000  7.134000000000  2.0 2.0
  861  C  15.159750000000  4.458750000000  8.025750000000  2.0 2.0
  862  C  15.159750000000  6.242250000000  9.809250000000  2.0 2.0
  863  C  16.943250000000  4.458750000000  9.809250000000  2.0 2.0
  864  C  16.943250000000  6.242250000000  8.025750000000  2.0 2.0
  865  C  14.268000000000  3.567000000000 10.701000000000  2.0 2.0
  866  C  14.268000000000  5.350500000000 12.484500000000  2.0 2.0
  867  C  16.051500000000  3.567000000000 12.484500000000  2.0 2.0
  868  C  16.051500000000  5.350500000000 10.701000000000  2.0 2.0
  869  C  15.159750000000  4.458750000000 11.592750000000  2.0 2.0
  870  C  15.159750000000  6.242250000000 13.376250000000  2.0 2.0
  871  C  16.943250000000  4.458750000000 13.376250000000  2.0 2.0
  872  C  16.943250000000  6.242250000000 11.592750000000  2.0 2.0
  873  C  14.268000000000  3.567000000000 14.268000000000  2.0 2.0
  874  C  14.268000000000  5.350500000000 16.051500000000  2.0 2.0
  875  C  16.051500000000  3.567000000000 16.051500000000  2.0 2.0
  876  C  16.051500000000  5.350500000000 14.268000000000  2.0 2.0
  877  C  15.159750000000  4.458750000000 15.159750000000  2.0 2.0
  878  C  15.159750000000  6.242250000000 16.943250000000  2.0 2.0
  879  C  16.943250000000  4.458750000000 16.943250000000  2.0 2.0
  880  C  16.943250000000  6.242250000000 15.159750000000  2.0 2.0
  881  C  14.268000000000  7.134000000000  0.000000000000  2.0 2.0
  882  C  14.268000000000  8.917500000000  1.783500000000  2.0 2.0
  883  C  16.051500000000  7.134000000000  1.783500000000  2.0 2.0
  884  C  16.051500000000  8.917500000000  0.000000000000  2.0 2.0
  885  C  15.159750000000  8.025750000000  0.891750000000  2.0 2.0
  886  C  15.159750000000  9.809250000000  2.675250000000  2.0 2.0
  887  C  16.943250000000  8.025750000000  2.675250000000  2.0 2.0
  888  C  16.943250000000  9.809250000000  0.891750000000  2.0 2.0
  889  C  14.268000000000  7.134000000000  3.567000000000  2.0 2.0
  890  C  14.268000000000  8.917500000000  5.350500000000  2.0 2.0
  891  C  16.051500000000  7.134000000000  5.350500000000  2.0 2.0
  892  C  16.051500000000  8.917500000000  3.567000000000  2.0 2.0
  893  C  15.159750000000  8.025750000000  4.458750000000  2.0 2.0
  894  C  15.159750000000  9.809250000000  6.242250000000  2.0 2.0
  895  C  16.943250000000  8.025750000000  6.242250000000  2.0 2.0
  896  C  16.943250000000  9.809250000000  4.458750000000  2.0 2.0
  897  C  14.268000000000  7.134000000000  7.134000000000  2.0 2.0
  898  C  14.268000000000  8.917500000000  8.917500000000  2.0 2.0
  899  C  16.051500000000  7.134000000000  8.917500000000  2.0 2.0
  900  C  16.051500000000  8.917500000000  7.134000000000  2.0 2.0
  901  C  15.159750000000  8.025750000000  8.025750000000  2.0 2.0
  902  C  15.159750000000  9.809250000000  9.809250000000  2.0 2.0
  903  C  16.943250000000  8.025750000000  9.809250000000  2.0 2.0
  904  C  16.943250000000  9.809250000000  8.025750000000  2.0 2.0
  905  C  14.268000000000  7.134000000000 10.701000000000  2.0 2.0
  906  C  14.268000000000  8.917500000000 12.484500000000  2.0 2.0
  907  C  16.051500000000  7.134000000000 12.484500000000  2.0 2.0
  908  C  16.051500000000  8.917500000000 10.701000000000  2.0 2.0
  909  C  15.159750000000  8.025750000000 11.592750000000  2.0 2.0
  910  C  15.159750000000  9.809250000000 13.376250000000  2.0 2.0
  911  C  16.943250000000  8.025750000000 13.376250000000  2.0 2.0
  912  C  16.943250000000  9.809250000000 11.592750000000  2.0 2.0
  913  C  14.268000000000  7.134000000000 14.268000000000  2.0 2.0
  914  C  14.268000000000  8.917500000000 16.051500000000  2.0 2.0
  915  C  16.051500000000  7.134000000000 16.051500000000  2.0 2.0
  916  C  16.051500000000  8.917500000000 14.268000000000  2.0 2.0
  917  C  15.159750000000  8.025750000000 15.159750000000  2.0 2.0
  918  C  15.159750000000  9.809250000000 16.943250000000  2.0 2.0
  919  C  16.943250000000  8.025750000000 16.943250000000  2.0 2.0
  920  C  16.943250000000  9.809250000000 15.159750000000  2.0 2.0
  921  C  14.268000000000 10.701000000000  0.000000000000  2.0 2.0
  922  C  14.268000000000 12.484500000000  1.783500000000  2.0 2.0
  923  C  16.051500000000 10.701000000000  1.783500000000  2.0 2.0
  924  C  16.051500000000 12.484500000000  0.000000000000  2.0 2.0
  925  C  15.159750000000 11.592750000000  0.891750000000  2.0 2.0
  926  C  15.159750000000 13.376250000000  2.675250000000  2.0 2.0
  927  C  16.943250000000 11.592750000000  2.675250000000  2.0 2.0
  928  C  16.943250000000 13.376250000000  0.891750000000  2.0 2.0
  929  C  14.268000000000 10.701000000000  3.567000000000  2.0 2.0
  930  C  14.268000000000 12.484500000000  5.350500000000  2.0 2.0
  931  C  16.051500000000 10.701000000000  5.350500000000  2.0 2.0
  932  C  16.051500000000 12.484500000000  3.567000000000  2.0 2.0
  933  C  15.159750000000 11.592750000000  4.458750000000  2.0 2.0
  934  C  15.159750000000 13.376250000000  6.242250000000  2.0 2.0
  935  C  16.943250000000 11.592750000000  6.242250000000  2.0 2.0
  936  C  16.943250000000 13.376250000000  4.458750000000  2.0 2.0
  937  C  14.268000000000 10.701000000000  7.134000000000  2.0 2.0
  938  C  14.268000000000 12.484500000000  8.917500000000  2.0 2.0
  939  C  16.051500000000 10.701000000000  8.917500000000  2.0 2.0
  940  C  16.051500000000 12.484500000000  7.134000000000  2.0 2.0
  941  C  15.159750000000 11.592750000000  8.025750000000  2.0 2.0
  942  C  15.159750000000 13.376250000000  9.809250000000  2.0 2.0
  943  C  16.943250000000 11.592750000000  9.809250000000  2.0 2.0
  944  C  16.943250000000 13.376250000000  8.025750000000  2.0 2.0
  945  C  14.268000000000 10.701000000000 10.701000000000  2.0 2.0
  946  C  14.268000000000 12.484500000000 12.484500000000  2.0 2.0
  947  C  16.051500000000 10.701000000000 12.484500000000  2.0 2.0
  948  C  16.051500000000 12.484500000000 10.701000000000  2.0 2.0
  949  C  15.159750000000 11.592750000000 11.592750000000  2.0 2.0
  950  C  15.159750000000 13.376250000000 13.376250000000  2.0 2.0
  951  C  16.943250000000 11.592750000000 13.376250000000  2.0 2.0
  952  C  16.943250000000 13.376250000000 11.592750000000  2.0 2.0
  953  C  14.268000000000 10.701000000000 14.268000000000  2.0 2.0
  954  C  14.268000000000 12.484500000000 16.051500000000  2.0 2.0
  955  C  16.051500000000 10.701000000000 16.051500000000  2.0 2.0
  956  C  16.051500000000 12.484500000000 14.268000000000  2.0 2.0
  957  C  15.159750000000 11.592750000000 15.159750000000  2.0 2.0
  958  C  15.159750000000 13.376250000000 16.943250000000  2.0 2.0
  959  C  16.943250000000 11.592750000000 16.943250000000  2.0 2.0
  960  C  16.943250000000 13.376250000000 15.159750000000  2.0 2.0
  961  C  14.268000000000 14.268000000000  0.000000000000  2.0 2.0
  962  C  14.268000000000 16.051500000000  1.783500000000  2.0 2.0
  963  C  16.051500000000 14.268000000000  1.783500000000  2.0 2.0
  964  C  16.051500000000 16.051500000000  0.000000000000  2.0 2.0
  965  C  15.159750000000 15.159750000000  0.891750000000  2.0 2.0
  966  C  15.159750000000 16.943250000000  2.675250000000  2.0 2.0
  967  C  16.943250000000 15.159750000000  2.675250000000  2.0 2.0
  968  C  16.943250000000 16.943250000000  0.891750000000  2.0 2.0
  969  C  14.268000000000 14.268000000000  3.567000000000  2.0 2.0
  970  C  14.268000000000 16.051500000000  5.350500000000  2.0 2.0
  971  C  16.051500000000 14.268000000000  5.350500000000  2.0 2.0
  972  C  16.051500000000 16.051500000000  3.567000000000  2.0 2.0
  973  C  15.159750000000 15.159750000000  4.458750000000  2.0 2.0
  974  C  15.159750000000 16.943250000000  6.242250000000  2.0 2.0
  975  C  16.943250000000 15.159750000000  6.242250000000  2.0 2.0
  976  C  16.943250000000 16.943250000000  4.458750000000  2.0 2.0
  977  C  14.268000000000 14.268000000000  7.134000000000  2.0 2.0
  978  C  14.268000000000 16.051500000000  8.917500000000  2.0 2.0
  979  C  16.051500000000 14.268000000000  8.917500000000  2.0 2.0
  980  C  16.051500000000 16.051500000000  7.134000000000  2.0 2.0
  981  C  15.159750000000 15.159750000000  8.025750000000  2.0 2.0
  982  C  15.159750000000 16.943250000000  9.809250000000  2.0 2.0
  983  C  16.943250000000 15.159750000000  9.809250000000  2.0 2.0
  984  C  16.943250000000 16.943250000000  8.025750000000  2.0 2.0
  985  C  14.268000000000 14.268000000000 10.701000000000  2.0 2.0
  986  C  14.268000000000 16.051500000000 12.484500000000  2.0 2.0
  987  C  16.051500000000 14.268000000000 12.484500000000  2.0 2.0
  988  C  16.051500000000 16.051500000000 10.701000000000  2.0 2.0
  989  C  15.159750000000 15.159750000000 11.592750000000  2.0 2.0
  990  C  15.159750000000 16.943250000000 13.376250000000  2.0 2.0
  991  C  16.943250000000 15.159750000000 13.376250000000  2.0 2.0
  992  C  16.943250000000 16.943250000000 11.592750000000  2.0 2.0
  993  C  14.268000000000 14.268000000000 14.268000000000  2.0 2.0
  994  C  14.268000000000 16.051500000000 16.051500000000  2.0 2.0
  995  C  16.051500000000 14.268000000000 16.051500000000  2.0 2.0
  996  C  16.051500000000 16.051500000000 14.268000000000  2.0 2.0
  997  C  15.159750000000 15.159750000000 15.159750000000  2.0 2.0
  998  C  15.159750000000 16.943250000000 16.943250000000  2.0 2.0
  999  C  16.943250000000 15.159750000000 16.943250000000  2.0 2.0
 1000  C  16.943250000000 16.943250000000 15.159750000000  2.0 2.0
Atoms.SpeciesAndCoordinates>
Atoms.UnitVectors.Unit             Ang #  Ang|AU
<Atoms.UnitVectors                     # unit=Ang.
17.835000000000  0.000000000000  0.000000000000
 0.000000000000 17.835000000000  0.000000000000
 0.000000000000  0.000000000000 17.835000000000
Atoms.UnitVectors>

#
# SCF or Electronic System
#

scf.XcType                GGA-PBE      # LDA|LSDA-CA|LSDA-PW
scf.SpinPolarization       off         # On|Off
scf.ElectronicTemperature  300.0       # default=300 (K)
scf.energycutoff           180.0       # default=150 (Ry)
scf.ProExpn.VNA             off        # default=on
scf.maxIter                 300        # default=40
scf.EigenvalueSolver       cluster     # Recursion|Cluster|Band
scf.Kgrid                 1 1 1        # means 4x4x4
scf.Mixing.Type           rmm-diisk    # Simple|Rmm-Diis|Gr-Pulay
scf.Init.Mixing.Weight     0.010       # default=0.30 
scf.Min.Mixing.Weight      0.001       # default=0.001 
scf.Max.Mixing.Weight      0.200       # default=0.40 
scf.Mixing.History          30         # default=5
scf.Mixing.StartPulay       10         # default=6
scf.criterion             1.0e-10      # default=1.0e-6 (Hartree) 


#
# MD or Geometry Optimization
#

MD.Type                     nomd       # Nomd|Opt|DIIS|NVE|NVT_VS|NVT_NH
MD.maxIter                   1         # default=1
MD.TimeStep                0.5         # default=0.5 (fs)
MD.Opt.criterion          1.0e-4       # default=1.0e-4 (Hartree/bohr)
