#
#  Ih Ice including 1200 atoms 
#

System.CurrrentDirectory         ./    # default=./
System.Name                    Ih-Ice1200
level.of.stdout                   1    # default=1 (1-3)
level.of.fileout                  0    # default=1 (1-3)

#
# Definition of Atomic Species
#

Species.Number       2
<Definition.of.Atomic.Species
 H   H7.0-s2p1     H_PBE13
 O   O7.0-s2p2d1   O_PBE13
Definition.of.Atomic.Species>

#
# Atoms
#

Atoms.Number        1200
Atoms.SpeciesAndCoordinates.Unit   Ang # Ang|AU
<Atoms.SpeciesAndCoordinates           # Unit=Ang.
     1 O  0.462998573960  1.303994919993  2.257979497360  3.0 3.0
     2 H  0.133999587280  1.779993065635  3.082971996440  0.5 0.5
     3 H  0.133999587280  1.779993065635  1.433008494440  0.5 0.5
     4 O  4.139987248800  2.606989843882  0.000058866060  3.0 3.0
     5 H  3.810988262120  2.130991698240 -0.824933633020  0.5 0.5
     6 H  3.810988262120  3.559986131270  0.000080384800  0.5 0.5
     7 O  6.890978775720  2.606989843882  0.000058866060  3.0 3.0
     8 H  5.890981855720  2.606989843882  0.000058866060  0.5 0.5
     9 H  7.219977762400  3.559986131270  0.000080384800  0.5 0.5
    10 O  3.213990100880  1.303994919993  2.257979497360  3.0 3.0
    11 H  2.213993180880  1.303994919993  2.257979497360  0.5 0.5
    12 H  3.542989087560  1.779993065635  1.433008494440  0.5 0.5
    13 O  0.462998573960  1.303994919993  6.773979497360  3.0 3.0
    14 H  0.133999587280  1.779993065635  7.598971996440  0.5 0.5
    15 H  0.133999587280  1.779993065635  5.949008494440  0.5 0.5
    16 O  4.139987248800  2.606989843882  4.516058866060  3.0 3.0
    17 H  3.810988262120  2.130991698240  3.691066366980  0.5 0.5
    18 H  3.810988262120  3.559986131270  4.516080384800  0.5 0.5
    19 O  6.890978775720  2.606989843882  4.516058866060  3.0 3.0
    20 H  5.890981855720  2.606989843882  4.516058866060  0.5 0.5
    21 H  7.219977762400  3.559986131270  4.516080384800  0.5 0.5
    22 O  3.213990100880  1.303994919993  6.773979497360  3.0 3.0
    23 H  2.213993180880  1.303994919993  6.773979497360  0.5 0.5
    24 H  3.542989087560  1.779993065635  5.949008494440  0.5 0.5
    25 O  0.462998573960  1.303994919993 11.289979497360  3.0 3.0
    26 H  0.133999587280  1.779993065635 12.114971996440  0.5 0.5
    27 H  0.133999587280  1.779993065635 10.465008494440  0.5 0.5
    28 O  4.139987248800  2.606989843882  9.032058866060  3.0 3.0
    29 H  3.810988262120  2.130991698240  8.207066366980  0.5 0.5
    30 H  3.810988262120  3.559986131270  9.032080384800  0.5 0.5
    31 O  6.890978775720  2.606989843882  9.032058866060  3.0 3.0
    32 H  5.890981855720  2.606989843882  9.032058866060  0.5 0.5
    33 H  7.219977762400  3.559986131270  9.032080384800  0.5 0.5
    34 O  3.213990100880  1.303994919993 11.289979497360  3.0 3.0
    35 H  2.213993180880  1.303994919993 11.289979497360  0.5 0.5
    36 H  3.542989087560  1.779993065635 10.465008494440  0.5 0.5
    37 O  0.462998573960  1.303994919993 15.805979497360  3.0 3.0
    38 H  0.133999587280  1.779993065635 16.630971996440  0.5 0.5
    39 H  0.133999587280  1.779993065635 14.981008494440  0.5 0.5
    40 O  4.139987248800  2.606989843882 13.548058866060  3.0 3.0
    41 H  3.810988262120  2.130991698240 12.723066366980  0.5 0.5
    42 H  3.810988262120  3.559986131270 13.548080384800  0.5 0.5
    43 O  6.890978775720  2.606989843882 13.548058866060  3.0 3.0
    44 H  5.890981855720  2.606989843882 13.548058866060  0.5 0.5
    45 H  7.219977762400  3.559986131270 13.548080384800  0.5 0.5
    46 O  3.213990100880  1.303994919993 15.805979497360  3.0 3.0
    47 H  2.213993180880  1.303994919993 15.805979497360  0.5 0.5
    48 H  3.542989087560  1.779993065635 14.981008494440  0.5 0.5
    49 O  0.462998573960  1.303994919993 20.321979497360  3.0 3.0
    50 H  0.133999587280  1.779993065635 21.146971996440  0.5 0.5
    51 H  0.133999587280  1.779993065635 19.497008494440  0.5 0.5
    52 O  4.139987248800  2.606989843882 18.064058866060  3.0 3.0
    53 H  3.810988262120  2.130991698240 17.239066366980  0.5 0.5
    54 H  3.810988262120  3.559986131270 18.064080384800  0.5 0.5
    55 O  6.890978775720  2.606989843882 18.064058866060  3.0 3.0
    56 H  5.890981855720  2.606989843882 18.064058866060  0.5 0.5
    57 H  7.219977762400  3.559986131270 18.064080384800  0.5 0.5
    58 O  3.213990100880  1.303994919993 20.321979497360  3.0 3.0
    59 H  2.213993180880  1.303994919993 20.321979497360  0.5 0.5
    60 H  3.542989087560  1.779993065635 19.497008494440  0.5 0.5
    61 O  0.462998573960  5.214965643484 -0.000020502640  3.0 3.0
    62 H  0.133999587280  5.690963789126  0.824971996440  0.5 0.5
    63 H  0.133999587280  5.690963789126 -0.824991505560  0.5 0.5
    64 O  4.139987248800  6.517960567373 -2.257941133940  3.0 3.0
    65 H  3.810988262120  6.041962421731 -3.082933633020  0.5 0.5
    66 H  3.810988262120  7.470956854761 -2.257919615200  0.5 0.5
    67 O  6.890978775720  6.517960567373 -2.257941133940  3.0 3.0
    68 H  5.890981855720  6.517960567373 -2.257941133940  0.5 0.5
    69 H  7.219977762400  7.470956854761 -2.257919615200  0.5 0.5
    70 O  3.213990100880  5.214965643484 -0.000020502640  3.0 3.0
    71 H  2.213993180880  5.214965643484 -0.000020502640  0.5 0.5
    72 H  3.542989087560  5.690963789126 -0.824991505560  0.5 0.5
    73 O  0.462998573960  5.214965643484  4.515979497360  3.0 3.0
    74 H  0.133999587280  5.690963789126  5.340971996440  0.5 0.5
    75 H  0.133999587280  5.690963789126  3.691008494440  0.5 0.5
    76 O  4.139987248800  6.517960567373  2.258058866060  3.0 3.0
    77 H  3.810988262120  6.041962421731  1.433066366980  0.5 0.5
    78 H  3.810988262120  7.470956854761  2.258080384800  0.5 0.5
    79 O  6.890978775720  6.517960567373  2.258058866060  3.0 3.0
    80 H  5.890981855720  6.517960567373  2.258058866060  0.5 0.5
    81 H  7.219977762400  7.470956854761  2.258080384800  0.5 0.5
    82 O  3.213990100880  5.214965643484  4.515979497360  3.0 3.0
    83 H  2.213993180880  5.214965643484  4.515979497360  0.5 0.5
    84 H  3.542989087560  5.690963789126  3.691008494440  0.5 0.5
    85 O  0.462998573960  5.214965643484  9.031979497360  3.0 3.0
    86 H  0.133999587280  5.690963789126  9.856971996440  0.5 0.5
    87 H  0.133999587280  5.690963789126  8.207008494440  0.5 0.5
    88 O  4.139987248800  6.517960567373  6.774058866060  3.0 3.0
    89 H  3.810988262120  6.041962421731  5.949066366980  0.5 0.5
    90 H  3.810988262120  7.470956854761  6.774080384800  0.5 0.5
    91 O  6.890978775720  6.517960567373  6.774058866060  3.0 3.0
    92 H  5.890981855720  6.517960567373  6.774058866060  0.5 0.5
    93 H  7.219977762400  7.470956854761  6.774080384800  0.5 0.5
    94 O  3.213990100880  5.214965643484  9.031979497360  3.0 3.0
    95 H  2.213993180880  5.214965643484  9.031979497360  0.5 0.5
    96 H  3.542989087560  5.690963789126  8.207008494440  0.5 0.5
    97 O  0.462998573960  5.214965643484 13.547979497360  3.0 3.0
    98 H  0.133999587280  5.690963789126 14.372971996440  0.5 0.5
    99 H  0.133999587280  5.690963789126 12.723008494440  0.5 0.5
   100 O  4.139987248800  6.517960567373 11.290058866060  3.0 3.0
   101 H  3.810988262120  6.041962421731 10.465066366980  0.5 0.5
   102 H  3.810988262120  7.470956854761 11.290080384800  0.5 0.5
   103 O  6.890978775720  6.517960567373 11.290058866060  3.0 3.0
   104 H  5.890981855720  6.517960567373 11.290058866060  0.5 0.5
   105 H  7.219977762400  7.470956854761 11.290080384800  0.5 0.5
   106 O  3.213990100880  5.214965643484 13.547979497360  3.0 3.0
   107 H  2.213993180880  5.214965643484 13.547979497360  0.5 0.5
   108 H  3.542989087560  5.690963789126 12.723008494440  0.5 0.5
   109 O  0.462998573960  5.214965643484 18.063979497360  3.0 3.0
   110 H  0.133999587280  5.690963789126 18.888971996440  0.5 0.5
   111 H  0.133999587280  5.690963789126 17.239008494440  0.5 0.5
   112 O  4.139987248800  6.517960567373 15.806058866060  3.0 3.0
   113 H  3.810988262120  6.041962421731 14.981066366980  0.5 0.5
   114 H  3.810988262120  7.470956854761 15.806080384800  0.5 0.5
   115 O  6.890978775720  6.517960567373 15.806058866060  3.0 3.0
   116 H  5.890981855720  6.517960567373 15.806058866060  0.5 0.5
   117 H  7.219977762400  7.470956854761 15.806080384800  0.5 0.5
   118 O  3.213990100880  5.214965643484 18.063979497360  3.0 3.0
   119 H  2.213993180880  5.214965643484 18.063979497360  0.5 0.5
   120 H  3.542989087560  5.690963789126 17.239008494440  0.5 0.5
   121 O  0.462998573960  9.125936366975 -2.258020502640  3.0 3.0
   122 H  0.133999587280  9.601934512617 -1.433028003560  0.5 0.5
   123 H  0.133999587280  9.601934512617 -3.082991505560  0.5 0.5
   124 O  4.139987248800 10.428931290864 -4.515941133940  3.0 3.0
   125 H  3.810988262120  9.952933145222 -5.340933633020  0.5 0.5
   126 H  3.810988262120 11.381927578252 -4.515919615200  0.5 0.5
   127 O  6.890978775720 10.428931290864 -4.515941133940  3.0 3.0
   128 H  5.890981855720 10.428931290864 -4.515941133940  0.5 0.5
   129 H  7.219977762400 11.381927578252 -4.515919615200  0.5 0.5
   130 O  3.213990100880  9.125936366975 -2.258020502640  3.0 3.0
   131 H  2.213993180880  9.125936366975 -2.258020502640  0.5 0.5
   132 H  3.542989087560  9.601934512617 -3.082991505560  0.5 0.5
   133 O  0.462998573960  9.125936366975  2.257979497360  3.0 3.0
   134 H  0.133999587280  9.601934512617  3.082971996440  0.5 0.5
   135 H  0.133999587280  9.601934512617  1.433008494440  0.5 0.5
   136 O  4.139987248800 10.428931290864  0.000058866060  3.0 3.0
   137 H  3.810988262120  9.952933145222 -0.824933633020  0.5 0.5
   138 H  3.810988262120 11.381927578252  0.000080384800  0.5 0.5
   139 O  6.890978775720 10.428931290864  0.000058866060  3.0 3.0
   140 H  5.890981855720 10.428931290864  0.000058866060  0.5 0.5
   141 H  7.219977762400 11.381927578252  0.000080384800  0.5 0.5
   142 O  3.213990100880  9.125936366975  2.257979497360  3.0 3.0
   143 H  2.213993180880  9.125936366975  2.257979497360  0.5 0.5
   144 H  3.542989087560  9.601934512617  1.433008494440  0.5 0.5
   145 O  0.462998573960  9.125936366975  6.773979497360  3.0 3.0
   146 H  0.133999587280  9.601934512617  7.598971996440  0.5 0.5
   147 H  0.133999587280  9.601934512617  5.949008494440  0.5 0.5
   148 O  4.139987248800 10.428931290864  4.516058866060  3.0 3.0
   149 H  3.810988262120  9.952933145222  3.691066366980  0.5 0.5
   150 H  3.810988262120 11.381927578252  4.516080384800  0.5 0.5
   151 O  6.890978775720 10.428931290864  4.516058866060  3.0 3.0
   152 H  5.890981855720 10.428931290864  4.516058866060  0.5 0.5
   153 H  7.219977762400 11.381927578252  4.516080384800  0.5 0.5
   154 O  3.213990100880  9.125936366975  6.773979497360  3.0 3.0
   155 H  2.213993180880  9.125936366975  6.773979497360  0.5 0.5
   156 H  3.542989087560  9.601934512617  5.949008494440  0.5 0.5
   157 O  0.462998573960  9.125936366975 11.289979497360  3.0 3.0
   158 H  0.133999587280  9.601934512617 12.114971996440  0.5 0.5
   159 H  0.133999587280  9.601934512617 10.465008494440  0.5 0.5
   160 O  4.139987248800 10.428931290864  9.032058866060  3.0 3.0
   161 H  3.810988262120  9.952933145222  8.207066366980  0.5 0.5
   162 H  3.810988262120 11.381927578252  9.032080384800  0.5 0.5
   163 O  6.890978775720 10.428931290864  9.032058866060  3.0 3.0
   164 H  5.890981855720 10.428931290864  9.032058866060  0.5 0.5
   165 H  7.219977762400 11.381927578252  9.032080384800  0.5 0.5
   166 O  3.213990100880  9.125936366975 11.289979497360  3.0 3.0
   167 H  2.213993180880  9.125936366975 11.289979497360  0.5 0.5
   168 H  3.542989087560  9.601934512617 10.465008494440  0.5 0.5
   169 O  0.462998573960  9.125936366975 15.805979497360  3.0 3.0
   170 H  0.133999587280  9.601934512617 16.630971996440  0.5 0.5
   171 H  0.133999587280  9.601934512617 14.981008494440  0.5 0.5
   172 O  4.139987248800 10.428931290864 13.548058866060  3.0 3.0
   173 H  3.810988262120  9.952933145222 12.723066366980  0.5 0.5
   174 H  3.810988262120 11.381927578252 13.548080384800  0.5 0.5
   175 O  6.890978775720 10.428931290864 13.548058866060  3.0 3.0
   176 H  5.890981855720 10.428931290864 13.548058866060  0.5 0.5
   177 H  7.219977762400 11.381927578252 13.548080384800  0.5 0.5
   178 O  3.213990100880  9.125936366975 15.805979497360  3.0 3.0
   179 H  2.213993180880  9.125936366975 15.805979497360  0.5 0.5
   180 H  3.542989087560  9.601934512617 14.981008494440  0.5 0.5
   181 O  0.462998573960 13.036907090466 -4.516020502640  3.0 3.0
   182 H  0.133999587280 13.512905236108 -3.691028003560  0.5 0.5
   183 H  0.133999587280 13.512905236108 -5.340991505560  0.5 0.5
   184 O  4.139987248800 14.339902014355 -6.773941133940  3.0 3.0
   185 H  3.810988262120 13.863903868713 -7.598933633020  0.5 0.5
   186 H  3.810988262120 15.292898301743 -6.773919615200  0.5 0.5
   187 O  6.890978775720 14.339902014355 -6.773941133940  3.0 3.0
   188 H  5.890981855720 14.339902014355 -6.773941133940  0.5 0.5
   189 H  7.219977762400 15.292898301743 -6.773919615200  0.5 0.5
   190 O  3.213990100880 13.036907090466 -4.516020502640  3.0 3.0
   191 H  2.213993180880 13.036907090466 -4.516020502640  0.5 0.5
   192 H  3.542989087560 13.512905236108 -5.340991505560  0.5 0.5
   193 O  0.462998573960 13.036907090466 -0.000020502640  3.0 3.0
   194 H  0.133999587280 13.512905236108  0.824971996440  0.5 0.5
   195 H  0.133999587280 13.512905236108 -0.824991505560  0.5 0.5
   196 O  4.139987248800 14.339902014355 -2.257941133940  3.0 3.0
   197 H  3.810988262120 13.863903868713 -3.082933633020  0.5 0.5
   198 H  3.810988262120 15.292898301743 -2.257919615200  0.5 0.5
   199 O  6.890978775720 14.339902014355 -2.257941133940  3.0 3.0
   200 H  5.890981855720 14.339902014355 -2.257941133940  0.5 0.5
   201 H  7.219977762400 15.292898301743 -2.257919615200  0.5 0.5
   202 O  3.213990100880 13.036907090466 -0.000020502640  3.0 3.0
   203 H  2.213993180880 13.036907090466 -0.000020502640  0.5 0.5
   204 H  3.542989087560 13.512905236108 -0.824991505560  0.5 0.5
   205 O  0.462998573960 13.036907090466  4.515979497360  3.0 3.0
   206 H  0.133999587280 13.512905236108  5.340971996440  0.5 0.5
   207 H  0.133999587280 13.512905236108  3.691008494440  0.5 0.5
   208 O  4.139987248800 14.339902014355  2.258058866060  3.0 3.0
   209 H  3.810988262120 13.863903868713  1.433066366980  0.5 0.5
   210 H  3.810988262120 15.292898301743  2.258080384800  0.5 0.5
   211 O  6.890978775720 14.339902014355  2.258058866060  3.0 3.0
   212 H  5.890981855720 14.339902014355  2.258058866060  0.5 0.5
   213 H  7.219977762400 15.292898301743  2.258080384800  0.5 0.5
   214 O  3.213990100880 13.036907090466  4.515979497360  3.0 3.0
   215 H  2.213993180880 13.036907090466  4.515979497360  0.5 0.5
   216 H  3.542989087560 13.512905236108  3.691008494440  0.5 0.5
   217 O  0.462998573960 13.036907090466  9.031979497360  3.0 3.0
   218 H  0.133999587280 13.512905236108  9.856971996440  0.5 0.5
   219 H  0.133999587280 13.512905236108  8.207008494440  0.5 0.5
   220 O  4.139987248800 14.339902014355  6.774058866060  3.0 3.0
   221 H  3.810988262120 13.863903868713  5.949066366980  0.5 0.5
   222 H  3.810988262120 15.292898301743  6.774080384800  0.5 0.5
   223 O  6.890978775720 14.339902014355  6.774058866060  3.0 3.0
   224 H  5.890981855720 14.339902014355  6.774058866060  0.5 0.5
   225 H  7.219977762400 15.292898301743  6.774080384800  0.5 0.5
   226 O  3.213990100880 13.036907090466  9.031979497360  3.0 3.0
   227 H  2.213993180880 13.036907090466  9.031979497360  0.5 0.5
   228 H  3.542989087560 13.512905236108  8.207008494440  0.5 0.5
   229 O  0.462998573960 13.036907090466 13.547979497360  3.0 3.0
   230 H  0.133999587280 13.512905236108 14.372971996440  0.5 0.5
   231 H  0.133999587280 13.512905236108 12.723008494440  0.5 0.5
   232 O  4.139987248800 14.339902014355 11.290058866060  3.0 3.0
   233 H  3.810988262120 13.863903868713 10.465066366980  0.5 0.5
   234 H  3.810988262120 15.292898301743 11.290080384800  0.5 0.5
   235 O  6.890978775720 14.339902014355 11.290058866060  3.0 3.0
   236 H  5.890981855720 14.339902014355 11.290058866060  0.5 0.5
   237 H  7.219977762400 15.292898301743 11.290080384800  0.5 0.5
   238 O  3.213990100880 13.036907090466 13.547979497360  3.0 3.0
   239 H  2.213993180880 13.036907090466 13.547979497360  0.5 0.5
   240 H  3.542989087560 13.512905236108 12.723008494440  0.5 0.5
   241 O  0.462998573960 16.947877813957 -6.774020502640  3.0 3.0
   242 H  0.133999587280 17.423875959599 -5.949028003560  0.5 0.5
   243 H  0.133999587280 17.423875959599 -7.598991505560  0.5 0.5
   244 O  4.139987248800 18.250872737846 -9.031941133940  3.0 3.0
   245 H  3.810988262120 17.774874592204 -9.856933633020  0.5 0.5
   246 H  3.810988262120 19.203869025234 -9.031919615200  0.5 0.5
   247 O  6.890978775720 18.250872737846 -9.031941133940  3.0 3.0
   248 H  5.890981855720 18.250872737846 -9.031941133940  0.5 0.5
   249 H  7.219977762400 19.203869025234 -9.031919615200  0.5 0.5
   250 O  3.213990100880 16.947877813957 -6.774020502640  3.0 3.0
   251 H  2.213993180880 16.947877813957 -6.774020502640  0.5 0.5
   252 H  3.542989087560 17.423875959599 -7.598991505560  0.5 0.5
   253 O  0.462998573960 16.947877813957 -2.258020502640  3.0 3.0
   254 H  0.133999587280 17.423875959599 -1.433028003560  0.5 0.5
   255 H  0.133999587280 17.423875959599 -3.082991505560  0.5 0.5
   256 O  4.139987248800 18.250872737846 -4.515941133940  3.0 3.0
   257 H  3.810988262120 17.774874592204 -5.340933633020  0.5 0.5
   258 H  3.810988262120 19.203869025234 -4.515919615200  0.5 0.5
   259 O  6.890978775720 18.250872737846 -4.515941133940  3.0 3.0
   260 H  5.890981855720 18.250872737846 -4.515941133940  0.5 0.5
   261 H  7.219977762400 19.203869025234 -4.515919615200  0.5 0.5
   262 O  3.213990100880 16.947877813957 -2.258020502640  3.0 3.0
   263 H  2.213993180880 16.947877813957 -2.258020502640  0.5 0.5
   264 H  3.542989087560 17.423875959599 -3.082991505560  0.5 0.5
   265 O  0.462998573960 16.947877813957  2.257979497360  3.0 3.0
   266 H  0.133999587280 17.423875959599  3.082971996440  0.5 0.5
   267 H  0.133999587280 17.423875959599  1.433008494440  0.5 0.5
   268 O  4.139987248800 18.250872737846  0.000058866060  3.0 3.0
   269 H  3.810988262120 17.774874592204 -0.824933633020  0.5 0.5
   270 H  3.810988262120 19.203869025234  0.000080384800  0.5 0.5
   271 O  6.890978775720 18.250872737846  0.000058866060  3.0 3.0
   272 H  5.890981855720 18.250872737846  0.000058866060  0.5 0.5
   273 H  7.219977762400 19.203869025234  0.000080384800  0.5 0.5
   274 O  3.213990100880 16.947877813957  2.257979497360  3.0 3.0
   275 H  2.213993180880 16.947877813957  2.257979497360  0.5 0.5
   276 H  3.542989087560 17.423875959599  1.433008494440  0.5 0.5
   277 O  0.462998573960 16.947877813957  6.773979497360  3.0 3.0
   278 H  0.133999587280 17.423875959599  7.598971996440  0.5 0.5
   279 H  0.133999587280 17.423875959599  5.949008494440  0.5 0.5
   280 O  4.139987248800 18.250872737846  4.516058866060  3.0 3.0
   281 H  3.810988262120 17.774874592204  3.691066366980  0.5 0.5
   282 H  3.810988262120 19.203869025234  4.516080384800  0.5 0.5
   283 O  6.890978775720 18.250872737846  4.516058866060  3.0 3.0
   284 H  5.890981855720 18.250872737846  4.516058866060  0.5 0.5
   285 H  7.219977762400 19.203869025234  4.516080384800  0.5 0.5
   286 O  3.213990100880 16.947877813957  6.773979497360  3.0 3.0
   287 H  2.213993180880 16.947877813957  6.773979497360  0.5 0.5
   288 H  3.542989087560 17.423875959599  5.949008494440  0.5 0.5
   289 O  0.462998573960 16.947877813957 11.289979497360  3.0 3.0
   290 H  0.133999587280 17.423875959599 12.114971996440  0.5 0.5
   291 H  0.133999587280 17.423875959599 10.465008494440  0.5 0.5
   292 O  4.139987248800 18.250872737846  9.032058866060  3.0 3.0
   293 H  3.810988262120 17.774874592204  8.207066366980  0.5 0.5
   294 H  3.810988262120 19.203869025234  9.032080384800  0.5 0.5
   295 O  6.890978775720 18.250872737846  9.032058866060  3.0 3.0
   296 H  5.890981855720 18.250872737846  9.032058866060  0.5 0.5
   297 H  7.219977762400 19.203869025234  9.032080384800  0.5 0.5
   298 O  3.213990100880 16.947877813957 11.289979497360  3.0 3.0
   299 H  2.213993180880 16.947877813957 11.289979497360  0.5 0.5
   300 H  3.542989087560 17.423875959599 10.465008494440  0.5 0.5
   301 O  7.816998573960  1.303994919993  2.257979497360  3.0 3.0
   302 H  7.487999587280  1.779993065635  3.082971996440  0.5 0.5
   303 H  7.487999587280  1.779993065635  1.433008494440  0.5 0.5
   304 O 11.493987248800  2.606989843882  0.000058866060  3.0 3.0
   305 H 11.164988262120  2.130991698240 -0.824933633020  0.5 0.5
   306 H 11.164988262120  3.559986131270  0.000080384800  0.5 0.5
   307 O 14.244978775720  2.606989843882  0.000058866060  3.0 3.0
   308 H 13.244981855720  2.606989843882  0.000058866060  0.5 0.5
   309 H 14.573977762400  3.559986131270  0.000080384800  0.5 0.5
   310 O 10.567990100880  1.303994919993  2.257979497360  3.0 3.0
   311 H  9.567993180880  1.303994919993  2.257979497360  0.5 0.5
   312 H 10.896989087560  1.779993065635  1.433008494440  0.5 0.5
   313 O  7.816998573960  1.303994919993  6.773979497360  3.0 3.0
   314 H  7.487999587280  1.779993065635  7.598971996440  0.5 0.5
   315 H  7.487999587280  1.779993065635  5.949008494440  0.5 0.5
   316 O 11.493987248800  2.606989843882  4.516058866060  3.0 3.0
   317 H 11.164988262120  2.130991698240  3.691066366980  0.5 0.5
   318 H 11.164988262120  3.559986131270  4.516080384800  0.5 0.5
   319 O 14.244978775720  2.606989843882  4.516058866060  3.0 3.0
   320 H 13.244981855720  2.606989843882  4.516058866060  0.5 0.5
   321 H 14.573977762400  3.559986131270  4.516080384800  0.5 0.5
   322 O 10.567990100880  1.303994919993  6.773979497360  3.0 3.0
   323 H  9.567993180880  1.303994919993  6.773979497360  0.5 0.5
   324 H 10.896989087560  1.779993065635  5.949008494440  0.5 0.5
   325 O  7.816998573960  1.303994919993 11.289979497360  3.0 3.0
   326 H  7.487999587280  1.779993065635 12.114971996440  0.5 0.5
   327 H  7.487999587280  1.779993065635 10.465008494440  0.5 0.5
   328 O 11.493987248800  2.606989843882  9.032058866060  3.0 3.0
   329 H 11.164988262120  2.130991698240  8.207066366980  0.5 0.5
   330 H 11.164988262120  3.559986131270  9.032080384800  0.5 0.5
   331 O 14.244978775720  2.606989843882  9.032058866060  3.0 3.0
   332 H 13.244981855720  2.606989843882  9.032058866060  0.5 0.5
   333 H 14.573977762400  3.559986131270  9.032080384800  0.5 0.5
   334 O 10.567990100880  1.303994919993 11.289979497360  3.0 3.0
   335 H  9.567993180880  1.303994919993 11.289979497360  0.5 0.5
   336 H 10.896989087560  1.779993065635 10.465008494440  0.5 0.5
   337 O  7.816998573960  1.303994919993 15.805979497360  3.0 3.0
   338 H  7.487999587280  1.779993065635 16.630971996440  0.5 0.5
   339 H  7.487999587280  1.779993065635 14.981008494440  0.5 0.5
   340 O 11.493987248800  2.606989843882 13.548058866060  3.0 3.0
   341 H 11.164988262120  2.130991698240 12.723066366980  0.5 0.5
   342 H 11.164988262120  3.559986131270 13.548080384800  0.5 0.5
   343 O 14.244978775720  2.606989843882 13.548058866060  3.0 3.0
   344 H 13.244981855720  2.606989843882 13.548058866060  0.5 0.5
   345 H 14.573977762400  3.559986131270 13.548080384800  0.5 0.5
   346 O 10.567990100880  1.303994919993 15.805979497360  3.0 3.0
   347 H  9.567993180880  1.303994919993 15.805979497360  0.5 0.5
   348 H 10.896989087560  1.779993065635 14.981008494440  0.5 0.5
   349 O  7.816998573960  1.303994919993 20.321979497360  3.0 3.0
   350 H  7.487999587280  1.779993065635 21.146971996440  0.5 0.5
   351 H  7.487999587280  1.779993065635 19.497008494440  0.5 0.5
   352 O 11.493987248800  2.606989843882 18.064058866060  3.0 3.0
   353 H 11.164988262120  2.130991698240 17.239066366980  0.5 0.5
   354 H 11.164988262120  3.559986131270 18.064080384800  0.5 0.5
   355 O 14.244978775720  2.606989843882 18.064058866060  3.0 3.0
   356 H 13.244981855720  2.606989843882 18.064058866060  0.5 0.5
   357 H 14.573977762400  3.559986131270 18.064080384800  0.5 0.5
   358 O 10.567990100880  1.303994919993 20.321979497360  3.0 3.0
   359 H  9.567993180880  1.303994919993 20.321979497360  0.5 0.5
   360 H 10.896989087560  1.779993065635 19.497008494440  0.5 0.5
   361 O  7.816998573960  5.214965643484 -0.000020502640  3.0 3.0
   362 H  7.487999587280  5.690963789126  0.824971996440  0.5 0.5
   363 H  7.487999587280  5.690963789126 -0.824991505560  0.5 0.5
   364 O 11.493987248800  6.517960567373 -2.257941133940  3.0 3.0
   365 H 11.164988262120  6.041962421731 -3.082933633020  0.5 0.5
   366 H 11.164988262120  7.470956854761 -2.257919615200  0.5 0.5
   367 O 14.244978775720  6.517960567373 -2.257941133940  3.0 3.0
   368 H 13.244981855720  6.517960567373 -2.257941133940  0.5 0.5
   369 H 14.573977762400  7.470956854761 -2.257919615200  0.5 0.5
   370 O 10.567990100880  5.214965643484 -0.000020502640  3.0 3.0
   371 H  9.567993180880  5.214965643484 -0.000020502640  0.5 0.5
   372 H 10.896989087560  5.690963789126 -0.824991505560  0.5 0.5
   373 O  7.816998573960  5.214965643484  4.515979497360  3.0 3.0
   374 H  7.487999587280  5.690963789126  5.340971996440  0.5 0.5
   375 H  7.487999587280  5.690963789126  3.691008494440  0.5 0.5
   376 O 11.493987248800  6.517960567373  2.258058866060  3.0 3.0
   377 H 11.164988262120  6.041962421731  1.433066366980  0.5 0.5
   378 H 11.164988262120  7.470956854761  2.258080384800  0.5 0.5
   379 O 14.244978775720  6.517960567373  2.258058866060  3.0 3.0
   380 H 13.244981855720  6.517960567373  2.258058866060  0.5 0.5
   381 H 14.573977762400  7.470956854761  2.258080384800  0.5 0.5
   382 O 10.567990100880  5.214965643484  4.515979497360  3.0 3.0
   383 H  9.567993180880  5.214965643484  4.515979497360  0.5 0.5
   384 H 10.896989087560  5.690963789126  3.691008494440  0.5 0.5
   385 O  7.816998573960  5.214965643484  9.031979497360  3.0 3.0
   386 H  7.487999587280  5.690963789126  9.856971996440  0.5 0.5
   387 H  7.487999587280  5.690963789126  8.207008494440  0.5 0.5
   388 O 11.493987248800  6.517960567373  6.774058866060  3.0 3.0
   389 H 11.164988262120  6.041962421731  5.949066366980  0.5 0.5
   390 H 11.164988262120  7.470956854761  6.774080384800  0.5 0.5
   391 O 14.244978775720  6.517960567373  6.774058866060  3.0 3.0
   392 H 13.244981855720  6.517960567373  6.774058866060  0.5 0.5
   393 H 14.573977762400  7.470956854761  6.774080384800  0.5 0.5
   394 O 10.567990100880  5.214965643484  9.031979497360  3.0 3.0
   395 H  9.567993180880  5.214965643484  9.031979497360  0.5 0.5
   396 H 10.896989087560  5.690963789126  8.207008494440  0.5 0.5
   397 O  7.816998573960  5.214965643484 13.547979497360  3.0 3.0
   398 H  7.487999587280  5.690963789126 14.372971996440  0.5 0.5
   399 H  7.487999587280  5.690963789126 12.723008494440  0.5 0.5
   400 O 11.493987248800  6.517960567373 11.290058866060  3.0 3.0
   401 H 11.164988262120  6.041962421731 10.465066366980  0.5 0.5
   402 H 11.164988262120  7.470956854761 11.290080384800  0.5 0.5
   403 O 14.244978775720  6.517960567373 11.290058866060  3.0 3.0
   404 H 13.244981855720  6.517960567373 11.290058866060  0.5 0.5
   405 H 14.573977762400  7.470956854761 11.290080384800  0.5 0.5
   406 O 10.567990100880  5.214965643484 13.547979497360  3.0 3.0
   407 H  9.567993180880  5.214965643484 13.547979497360  0.5 0.5
   408 H 10.896989087560  5.690963789126 12.723008494440  0.5 0.5
   409 O  7.816998573960  5.214965643484 18.063979497360  3.0 3.0
   410 H  7.487999587280  5.690963789126 18.888971996440  0.5 0.5
   411 H  7.487999587280  5.690963789126 17.239008494440  0.5 0.5
   412 O 11.493987248800  6.517960567373 15.806058866060  3.0 3.0
   413 H 11.164988262120  6.041962421731 14.981066366980  0.5 0.5
   414 H 11.164988262120  7.470956854761 15.806080384800  0.5 0.5
   415 O 14.244978775720  6.517960567373 15.806058866060  3.0 3.0
   416 H 13.244981855720  6.517960567373 15.806058866060  0.5 0.5
   417 H 14.573977762400  7.470956854761 15.806080384800  0.5 0.5
   418 O 10.567990100880  5.214965643484 18.063979497360  3.0 3.0
   419 H  9.567993180880  5.214965643484 18.063979497360  0.5 0.5
   420 H 10.896989087560  5.690963789126 17.239008494440  0.5 0.5
   421 O  7.816998573960  9.125936366975 -2.258020502640  3.0 3.0
   422 H  7.487999587280  9.601934512617 -1.433028003560  0.5 0.5
   423 H  7.487999587280  9.601934512617 -3.082991505560  0.5 0.5
   424 O 11.493987248800 10.428931290864 -4.515941133940  3.0 3.0
   425 H 11.164988262120  9.952933145222 -5.340933633020  0.5 0.5
   426 H 11.164988262120 11.381927578252 -4.515919615200  0.5 0.5
   427 O 14.244978775720 10.428931290864 -4.515941133940  3.0 3.0
   428 H 13.244981855720 10.428931290864 -4.515941133940  0.5 0.5
   429 H 14.573977762400 11.381927578252 -4.515919615200  0.5 0.5
   430 O 10.567990100880  9.125936366975 -2.258020502640  3.0 3.0
   431 H  9.567993180880  9.125936366975 -2.258020502640  0.5 0.5
   432 H 10.896989087560  9.601934512617 -3.082991505560  0.5 0.5
   433 O  7.816998573960  9.125936366975  2.257979497360  3.0 3.0
   434 H  7.487999587280  9.601934512617  3.082971996440  0.5 0.5
   435 H  7.487999587280  9.601934512617  1.433008494440  0.5 0.5
   436 O 11.493987248800 10.428931290864  0.000058866060  3.0 3.0
   437 H 11.164988262120  9.952933145222 -0.824933633020  0.5 0.5
   438 H 11.164988262120 11.381927578252  0.000080384800  0.5 0.5
   439 O 14.244978775720 10.428931290864  0.000058866060  3.0 3.0
   440 H 13.244981855720 10.428931290864  0.000058866060  0.5 0.5
   441 H 14.573977762400 11.381927578252  0.000080384800  0.5 0.5
   442 O 10.567990100880  9.125936366975  2.257979497360  3.0 3.0
   443 H  9.567993180880  9.125936366975  2.257979497360  0.5 0.5
   444 H 10.896989087560  9.601934512617  1.433008494440  0.5 0.5
   445 O  7.816998573960  9.125936366975  6.773979497360  3.0 3.0
   446 H  7.487999587280  9.601934512617  7.598971996440  0.5 0.5
   447 H  7.487999587280  9.601934512617  5.949008494440  0.5 0.5
   448 O 11.493987248800 10.428931290864  4.516058866060  3.0 3.0
   449 H 11.164988262120  9.952933145222  3.691066366980  0.5 0.5
   450 H 11.164988262120 11.381927578252  4.516080384800  0.5 0.5
   451 O 14.244978775720 10.428931290864  4.516058866060  3.0 3.0
   452 H 13.244981855720 10.428931290864  4.516058866060  0.5 0.5
   453 H 14.573977762400 11.381927578252  4.516080384800  0.5 0.5
   454 O 10.567990100880  9.125936366975  6.773979497360  3.0 3.0
   455 H  9.567993180880  9.125936366975  6.773979497360  0.5 0.5
   456 H 10.896989087560  9.601934512617  5.949008494440  0.5 0.5
   457 O  7.816998573960  9.125936366975 11.289979497360  3.0 3.0
   458 H  7.487999587280  9.601934512617 12.114971996440  0.5 0.5
   459 H  7.487999587280  9.601934512617 10.465008494440  0.5 0.5
   460 O 11.493987248800 10.428931290864  9.032058866060  3.0 3.0
   461 H 11.164988262120  9.952933145222  8.207066366980  0.5 0.5
   462 H 11.164988262120 11.381927578252  9.032080384800  0.5 0.5
   463 O 14.244978775720 10.428931290864  9.032058866060  3.0 3.0
   464 H 13.244981855720 10.428931290864  9.032058866060  0.5 0.5
   465 H 14.573977762400 11.381927578252  9.032080384800  0.5 0.5
   466 O 10.567990100880  9.125936366975 11.289979497360  3.0 3.0
   467 H  9.567993180880  9.125936366975 11.289979497360  0.5 0.5
   468 H 10.896989087560  9.601934512617 10.465008494440  0.5 0.5
   469 O  7.816998573960  9.125936366975 15.805979497360  3.0 3.0
   470 H  7.487999587280  9.601934512617 16.630971996440  0.5 0.5
   471 H  7.487999587280  9.601934512617 14.981008494440  0.5 0.5
   472 O 11.493987248800 10.428931290864 13.548058866060  3.0 3.0
   473 H 11.164988262120  9.952933145222 12.723066366980  0.5 0.5
   474 H 11.164988262120 11.381927578252 13.548080384800  0.5 0.5
   475 O 14.244978775720 10.428931290864 13.548058866060  3.0 3.0
   476 H 13.244981855720 10.428931290864 13.548058866060  0.5 0.5
   477 H 14.573977762400 11.381927578252 13.548080384800  0.5 0.5
   478 O 10.567990100880  9.125936366975 15.805979497360  3.0 3.0
   479 H  9.567993180880  9.125936366975 15.805979497360  0.5 0.5
   480 H 10.896989087560  9.601934512617 14.981008494440  0.5 0.5
   481 O  7.816998573960 13.036907090466 -4.516020502640  3.0 3.0
   482 H  7.487999587280 13.512905236108 -3.691028003560  0.5 0.5
   483 H  7.487999587280 13.512905236108 -5.340991505560  0.5 0.5
   484 O 11.493987248800 14.339902014355 -6.773941133940  3.0 3.0
   485 H 11.164988262120 13.863903868713 -7.598933633020  0.5 0.5
   486 H 11.164988262120 15.292898301743 -6.773919615200  0.5 0.5
   487 O 14.244978775720 14.339902014355 -6.773941133940  3.0 3.0
   488 H 13.244981855720 14.339902014355 -6.773941133940  0.5 0.5
   489 H 14.573977762400 15.292898301743 -6.773919615200  0.5 0.5
   490 O 10.567990100880 13.036907090466 -4.516020502640  3.0 3.0
   491 H  9.567993180880 13.036907090466 -4.516020502640  0.5 0.5
   492 H 10.896989087560 13.512905236108 -5.340991505560  0.5 0.5
   493 O  7.816998573960 13.036907090466 -0.000020502640  3.0 3.0
   494 H  7.487999587280 13.512905236108  0.824971996440  0.5 0.5
   495 H  7.487999587280 13.512905236108 -0.824991505560  0.5 0.5
   496 O 11.493987248800 14.339902014355 -2.257941133940  3.0 3.0
   497 H 11.164988262120 13.863903868713 -3.082933633020  0.5 0.5
   498 H 11.164988262120 15.292898301743 -2.257919615200  0.5 0.5
   499 O 14.244978775720 14.339902014355 -2.257941133940  3.0 3.0
   500 H 13.244981855720 14.339902014355 -2.257941133940  0.5 0.5
   501 H 14.573977762400 15.292898301743 -2.257919615200  0.5 0.5
   502 O 10.567990100880 13.036907090466 -0.000020502640  3.0 3.0
   503 H  9.567993180880 13.036907090466 -0.000020502640  0.5 0.5
   504 H 10.896989087560 13.512905236108 -0.824991505560  0.5 0.5
   505 O  7.816998573960 13.036907090466  4.515979497360  3.0 3.0
   506 H  7.487999587280 13.512905236108  5.340971996440  0.5 0.5
   507 H  7.487999587280 13.512905236108  3.691008494440  0.5 0.5
   508 O 11.493987248800 14.339902014355  2.258058866060  3.0 3.0
   509 H 11.164988262120 13.863903868713  1.433066366980  0.5 0.5
   510 H 11.164988262120 15.292898301743  2.258080384800  0.5 0.5
   511 O 14.244978775720 14.339902014355  2.258058866060  3.0 3.0
   512 H 13.244981855720 14.339902014355  2.258058866060  0.5 0.5
   513 H 14.573977762400 15.292898301743  2.258080384800  0.5 0.5
   514 O 10.567990100880 13.036907090466  4.515979497360  3.0 3.0
   515 H  9.567993180880 13.036907090466  4.515979497360  0.5 0.5
   516 H 10.896989087560 13.512905236108  3.691008494440  0.5 0.5
   517 O  7.816998573960 13.036907090466  9.031979497360  3.0 3.0
   518 H  7.487999587280 13.512905236108  9.856971996440  0.5 0.5
   519 H  7.487999587280 13.512905236108  8.207008494440  0.5 0.5
   520 O 11.493987248800 14.339902014355  6.774058866060  3.0 3.0
   521 H 11.164988262120 13.863903868713  5.949066366980  0.5 0.5
   522 H 11.164988262120 15.292898301743  6.774080384800  0.5 0.5
   523 O 14.244978775720 14.339902014355  6.774058866060  3.0 3.0
   524 H 13.244981855720 14.339902014355  6.774058866060  0.5 0.5
   525 H 14.573977762400 15.292898301743  6.774080384800  0.5 0.5
   526 O 10.567990100880 13.036907090466  9.031979497360  3.0 3.0
   527 H  9.567993180880 13.036907090466  9.031979497360  0.5 0.5
   528 H 10.896989087560 13.512905236108  8.207008494440  0.5 0.5
   529 O  7.816998573960 13.036907090466 13.547979497360  3.0 3.0
   530 H  7.487999587280 13.512905236108 14.372971996440  0.5 0.5
   531 H  7.487999587280 13.512905236108 12.723008494440  0.5 0.5
   532 O 11.493987248800 14.339902014355 11.290058866060  3.0 3.0
   533 H 11.164988262120 13.863903868713 10.465066366980  0.5 0.5
   534 H 11.164988262120 15.292898301743 11.290080384800  0.5 0.5
   535 O 14.244978775720 14.339902014355 11.290058866060  3.0 3.0
   536 H 13.244981855720 14.339902014355 11.290058866060  0.5 0.5
   537 H 14.573977762400 15.292898301743 11.290080384800  0.5 0.5
   538 O 10.567990100880 13.036907090466 13.547979497360  3.0 3.0
   539 H  9.567993180880 13.036907090466 13.547979497360  0.5 0.5
   540 H 10.896989087560 13.512905236108 12.723008494440  0.5 0.5
   541 O  7.816998573960 16.947877813957 -6.774020502640  3.0 3.0
   542 H  7.487999587280 17.423875959599 -5.949028003560  0.5 0.5
   543 H  7.487999587280 17.423875959599 -7.598991505560  0.5 0.5
   544 O 11.493987248800 18.250872737846 -9.031941133940  3.0 3.0
   545 H 11.164988262120 17.774874592204 -9.856933633020  0.5 0.5
   546 H 11.164988262120 19.203869025234 -9.031919615200  0.5 0.5
   547 O 14.244978775720 18.250872737846 -9.031941133940  3.0 3.0
   548 H 13.244981855720 18.250872737846 -9.031941133940  0.5 0.5
   549 H 14.573977762400 19.203869025234 -9.031919615200  0.5 0.5
   550 O 10.567990100880 16.947877813957 -6.774020502640  3.0 3.0
   551 H  9.567993180880 16.947877813957 -6.774020502640  0.5 0.5
   552 H 10.896989087560 17.423875959599 -7.598991505560  0.5 0.5
   553 O  7.816998573960 16.947877813957 -2.258020502640  3.0 3.0
   554 H  7.487999587280 17.423875959599 -1.433028003560  0.5 0.5
   555 H  7.487999587280 17.423875959599 -3.082991505560  0.5 0.5
   556 O 11.493987248800 18.250872737846 -4.515941133940  3.0 3.0
   557 H 11.164988262120 17.774874592204 -5.340933633020  0.5 0.5
   558 H 11.164988262120 19.203869025234 -4.515919615200  0.5 0.5
   559 O 14.244978775720 18.250872737846 -4.515941133940  3.0 3.0
   560 H 13.244981855720 18.250872737846 -4.515941133940  0.5 0.5
   561 H 14.573977762400 19.203869025234 -4.515919615200  0.5 0.5
   562 O 10.567990100880 16.947877813957 -2.258020502640  3.0 3.0
   563 H  9.567993180880 16.947877813957 -2.258020502640  0.5 0.5
   564 H 10.896989087560 17.423875959599 -3.082991505560  0.5 0.5
   565 O  7.816998573960 16.947877813957  2.257979497360  3.0 3.0
   566 H  7.487999587280 17.423875959599  3.082971996440  0.5 0.5
   567 H  7.487999587280 17.423875959599  1.433008494440  0.5 0.5
   568 O 11.493987248800 18.250872737846  0.000058866060  3.0 3.0
   569 H 11.164988262120 17.774874592204 -0.824933633020  0.5 0.5
   570 H 11.164988262120 19.203869025234  0.000080384800  0.5 0.5
   571 O 14.244978775720 18.250872737846  0.000058866060  3.0 3.0
   572 H 13.244981855720 18.250872737846  0.000058866060  0.5 0.5
   573 H 14.573977762400 19.203869025234  0.000080384800  0.5 0.5
   574 O 10.567990100880 16.947877813957  2.257979497360  3.0 3.0
   575 H  9.567993180880 16.947877813957  2.257979497360  0.5 0.5
   576 H 10.896989087560 17.423875959599  1.433008494440  0.5 0.5
   577 O  7.816998573960 16.947877813957  6.773979497360  3.0 3.0
   578 H  7.487999587280 17.423875959599  7.598971996440  0.5 0.5
   579 H  7.487999587280 17.423875959599  5.949008494440  0.5 0.5
   580 O 11.493987248800 18.250872737846  4.516058866060  3.0 3.0
   581 H 11.164988262120 17.774874592204  3.691066366980  0.5 0.5
   582 H 11.164988262120 19.203869025234  4.516080384800  0.5 0.5
   583 O 14.244978775720 18.250872737846  4.516058866060  3.0 3.0
   584 H 13.244981855720 18.250872737846  4.516058866060  0.5 0.5
   585 H 14.573977762400 19.203869025234  4.516080384800  0.5 0.5
   586 O 10.567990100880 16.947877813957  6.773979497360  3.0 3.0
   587 H  9.567993180880 16.947877813957  6.773979497360  0.5 0.5
   588 H 10.896989087560 17.423875959599  5.949008494440  0.5 0.5
   589 O  7.816998573960 16.947877813957 11.289979497360  3.0 3.0
   590 H  7.487999587280 17.423875959599 12.114971996440  0.5 0.5
   591 H  7.487999587280 17.423875959599 10.465008494440  0.5 0.5
   592 O 11.493987248800 18.250872737846  9.032058866060  3.0 3.0
   593 H 11.164988262120 17.774874592204  8.207066366980  0.5 0.5
   594 H 11.164988262120 19.203869025234  9.032080384800  0.5 0.5
   595 O 14.244978775720 18.250872737846  9.032058866060  3.0 3.0
   596 H 13.244981855720 18.250872737846  9.032058866060  0.5 0.5
   597 H 14.573977762400 19.203869025234  9.032080384800  0.5 0.5
   598 O 10.567990100880 16.947877813957 11.289979497360  3.0 3.0
   599 H  9.567993180880 16.947877813957 11.289979497360  0.5 0.5
   600 H 10.896989087560 17.423875959599 10.465008494440  0.5 0.5
   601 O 15.170998573960  1.303994919993  2.257979497360  3.0 3.0
   602 H 14.841999587280  1.779993065635  3.082971996440  0.5 0.5
   603 H 14.841999587280  1.779993065635  1.433008494440  0.5 0.5
   604 O 18.847987248800  2.606989843882  0.000058866060  3.0 3.0
   605 H 18.518988262120  2.130991698240 -0.824933633020  0.5 0.5
   606 H 18.518988262120  3.559986131270  0.000080384800  0.5 0.5
   607 O 21.598978775720  2.606989843882  0.000058866060  3.0 3.0
   608 H 20.598981855720  2.606989843882  0.000058866060  0.5 0.5
   609 H 21.927977762400  3.559986131270  0.000080384800  0.5 0.5
   610 O 17.921990100880  1.303994919993  2.257979497360  3.0 3.0
   611 H 16.921993180880  1.303994919993  2.257979497360  0.5 0.5
   612 H 18.250989087560  1.779993065635  1.433008494440  0.5 0.5
   613 O 15.170998573960  1.303994919993  6.773979497360  3.0 3.0
   614 H 14.841999587280  1.779993065635  7.598971996440  0.5 0.5
   615 H 14.841999587280  1.779993065635  5.949008494440  0.5 0.5
   616 O 18.847987248800  2.606989843882  4.516058866060  3.0 3.0
   617 H 18.518988262120  2.130991698240  3.691066366980  0.5 0.5
   618 H 18.518988262120  3.559986131270  4.516080384800  0.5 0.5
   619 O 21.598978775720  2.606989843882  4.516058866060  3.0 3.0
   620 H 20.598981855720  2.606989843882  4.516058866060  0.5 0.5
   621 H 21.927977762400  3.559986131270  4.516080384800  0.5 0.5
   622 O 17.921990100880  1.303994919993  6.773979497360  3.0 3.0
   623 H 16.921993180880  1.303994919993  6.773979497360  0.5 0.5
   624 H 18.250989087560  1.779993065635  5.949008494440  0.5 0.5
   625 O 15.170998573960  1.303994919993 11.289979497360  3.0 3.0
   626 H 14.841999587280  1.779993065635 12.114971996440  0.5 0.5
   627 H 14.841999587280  1.779993065635 10.465008494440  0.5 0.5
   628 O 18.847987248800  2.606989843882  9.032058866060  3.0 3.0
   629 H 18.518988262120  2.130991698240  8.207066366980  0.5 0.5
   630 H 18.518988262120  3.559986131270  9.032080384800  0.5 0.5
   631 O 21.598978775720  2.606989843882  9.032058866060  3.0 3.0
   632 H 20.598981855720  2.606989843882  9.032058866060  0.5 0.5
   633 H 21.927977762400  3.559986131270  9.032080384800  0.5 0.5
   634 O 17.921990100880  1.303994919993 11.289979497360  3.0 3.0
   635 H 16.921993180880  1.303994919993 11.289979497360  0.5 0.5
   636 H 18.250989087560  1.779993065635 10.465008494440  0.5 0.5
   637 O 15.170998573960  1.303994919993 15.805979497360  3.0 3.0
   638 H 14.841999587280  1.779993065635 16.630971996440  0.5 0.5
   639 H 14.841999587280  1.779993065635 14.981008494440  0.5 0.5
   640 O 18.847987248800  2.606989843882 13.548058866060  3.0 3.0
   641 H 18.518988262120  2.130991698240 12.723066366980  0.5 0.5
   642 H 18.518988262120  3.559986131270 13.548080384800  0.5 0.5
   643 O 21.598978775720  2.606989843882 13.548058866060  3.0 3.0
   644 H 20.598981855720  2.606989843882 13.548058866060  0.5 0.5
   645 H 21.927977762400  3.559986131270 13.548080384800  0.5 0.5
   646 O 17.921990100880  1.303994919993 15.805979497360  3.0 3.0
   647 H 16.921993180880  1.303994919993 15.805979497360  0.5 0.5
   648 H 18.250989087560  1.779993065635 14.981008494440  0.5 0.5
   649 O 15.170998573960  1.303994919993 20.321979497360  3.0 3.0
   650 H 14.841999587280  1.779993065635 21.146971996440  0.5 0.5
   651 H 14.841999587280  1.779993065635 19.497008494440  0.5 0.5
   652 O 18.847987248800  2.606989843882 18.064058866060  3.0 3.0
   653 H 18.518988262120  2.130991698240 17.239066366980  0.5 0.5
   654 H 18.518988262120  3.559986131270 18.064080384800  0.5 0.5
   655 O 21.598978775720  2.606989843882 18.064058866060  3.0 3.0
   656 H 20.598981855720  2.606989843882 18.064058866060  0.5 0.5
   657 H 21.927977762400  3.559986131270 18.064080384800  0.5 0.5
   658 O 17.921990100880  1.303994919993 20.321979497360  3.0 3.0
   659 H 16.921993180880  1.303994919993 20.321979497360  0.5 0.5
   660 H 18.250989087560  1.779993065635 19.497008494440  0.5 0.5
   661 O 15.170998573960  5.214965643484 -0.000020502640  3.0 3.0
   662 H 14.841999587280  5.690963789126  0.824971996440  0.5 0.5
   663 H 14.841999587280  5.690963789126 -0.824991505560  0.5 0.5
   664 O 18.847987248800  6.517960567373 -2.257941133940  3.0 3.0
   665 H 18.518988262120  6.041962421731 -3.082933633020  0.5 0.5
   666 H 18.518988262120  7.470956854761 -2.257919615200  0.5 0.5
   667 O 21.598978775720  6.517960567373 -2.257941133940  3.0 3.0
   668 H 20.598981855720  6.517960567373 -2.257941133940  0.5 0.5
   669 H 21.927977762400  7.470956854761 -2.257919615200  0.5 0.5
   670 O 17.921990100880  5.214965643484 -0.000020502640  3.0 3.0
   671 H 16.921993180880  5.214965643484 -0.000020502640  0.5 0.5
   672 H 18.250989087560  5.690963789126 -0.824991505560  0.5 0.5
   673 O 15.170998573960  5.214965643484  4.515979497360  3.0 3.0
   674 H 14.841999587280  5.690963789126  5.340971996440  0.5 0.5
   675 H 14.841999587280  5.690963789126  3.691008494440  0.5 0.5
   676 O 18.847987248800  6.517960567373  2.258058866060  3.0 3.0
   677 H 18.518988262120  6.041962421731  1.433066366980  0.5 0.5
   678 H 18.518988262120  7.470956854761  2.258080384800  0.5 0.5
   679 O 21.598978775720  6.517960567373  2.258058866060  3.0 3.0
   680 H 20.598981855720  6.517960567373  2.258058866060  0.5 0.5
   681 H 21.927977762400  7.470956854761  2.258080384800  0.5 0.5
   682 O 17.921990100880  5.214965643484  4.515979497360  3.0 3.0
   683 H 16.921993180880  5.214965643484  4.515979497360  0.5 0.5
   684 H 18.250989087560  5.690963789126  3.691008494440  0.5 0.5
   685 O 15.170998573960  5.214965643484  9.031979497360  3.0 3.0
   686 H 14.841999587280  5.690963789126  9.856971996440  0.5 0.5
   687 H 14.841999587280  5.690963789126  8.207008494440  0.5 0.5
   688 O 18.847987248800  6.517960567373  6.774058866060  3.0 3.0
   689 H 18.518988262120  6.041962421731  5.949066366980  0.5 0.5
   690 H 18.518988262120  7.470956854761  6.774080384800  0.5 0.5
   691 O 21.598978775720  6.517960567373  6.774058866060  3.0 3.0
   692 H 20.598981855720  6.517960567373  6.774058866060  0.5 0.5
   693 H 21.927977762400  7.470956854761  6.774080384800  0.5 0.5
   694 O 17.921990100880  5.214965643484  9.031979497360  3.0 3.0
   695 H 16.921993180880  5.214965643484  9.031979497360  0.5 0.5
   696 H 18.250989087560  5.690963789126  8.207008494440  0.5 0.5
   697 O 15.170998573960  5.214965643484 13.547979497360  3.0 3.0
   698 H 14.841999587280  5.690963789126 14.372971996440  0.5 0.5
   699 H 14.841999587280  5.690963789126 12.723008494440  0.5 0.5
   700 O 18.847987248800  6.517960567373 11.290058866060  3.0 3.0
   701 H 18.518988262120  6.041962421731 10.465066366980  0.5 0.5
   702 H 18.518988262120  7.470956854761 11.290080384800  0.5 0.5
   703 O 21.598978775720  6.517960567373 11.290058866060  3.0 3.0
   704 H 20.598981855720  6.517960567373 11.290058866060  0.5 0.5
   705 H 21.927977762400  7.470956854761 11.290080384800  0.5 0.5
   706 O 17.921990100880  5.214965643484 13.547979497360  3.0 3.0
   707 H 16.921993180880  5.214965643484 13.547979497360  0.5 0.5
   708 H 18.250989087560  5.690963789126 12.723008494440  0.5 0.5
   709 O 15.170998573960  5.214965643484 18.063979497360  3.0 3.0
   710 H 14.841999587280  5.690963789126 18.888971996440  0.5 0.5
   711 H 14.841999587280  5.690963789126 17.239008494440  0.5 0.5
   712 O 18.847987248800  6.517960567373 15.806058866060  3.0 3.0
   713 H 18.518988262120  6.041962421731 14.981066366980  0.5 0.5
   714 H 18.518988262120  7.470956854761 15.806080384800  0.5 0.5
   715 O 21.598978775720  6.517960567373 15.806058866060  3.0 3.0
   716 H 20.598981855720  6.517960567373 15.806058866060  0.5 0.5
   717 H 21.927977762400  7.470956854761 15.806080384800  0.5 0.5
   718 O 17.921990100880  5.214965643484 18.063979497360  3.0 3.0
   719 H 16.921993180880  5.214965643484 18.063979497360  0.5 0.5
   720 H 18.250989087560  5.690963789126 17.239008494440  0.5 0.5
   721 O 15.170998573960  9.125936366975 -2.258020502640  3.0 3.0
   722 H 14.841999587280  9.601934512617 -1.433028003560  0.5 0.5
   723 H 14.841999587280  9.601934512617 -3.082991505560  0.5 0.5
   724 O 18.847987248800 10.428931290864 -4.515941133940  3.0 3.0
   725 H 18.518988262120  9.952933145222 -5.340933633020  0.5 0.5
   726 H 18.518988262120 11.381927578252 -4.515919615200  0.5 0.5
   727 O 21.598978775720 10.428931290864 -4.515941133940  3.0 3.0
   728 H 20.598981855720 10.428931290864 -4.515941133940  0.5 0.5
   729 H 21.927977762400 11.381927578252 -4.515919615200  0.5 0.5
   730 O 17.921990100880  9.125936366975 -2.258020502640  3.0 3.0
   731 H 16.921993180880  9.125936366975 -2.258020502640  0.5 0.5
   732 H 18.250989087560  9.601934512617 -3.082991505560  0.5 0.5
   733 O 15.170998573960  9.125936366975  2.257979497360  3.0 3.0
   734 H 14.841999587280  9.601934512617  3.082971996440  0.5 0.5
   735 H 14.841999587280  9.601934512617  1.433008494440  0.5 0.5
   736 O 18.847987248800 10.428931290864  0.000058866060  3.0 3.0
   737 H 18.518988262120  9.952933145222 -0.824933633020  0.5 0.5
   738 H 18.518988262120 11.381927578252  0.000080384800  0.5 0.5
   739 O 21.598978775720 10.428931290864  0.000058866060  3.0 3.0
   740 H 20.598981855720 10.428931290864  0.000058866060  0.5 0.5
   741 H 21.927977762400 11.381927578252  0.000080384800  0.5 0.5
   742 O 17.921990100880  9.125936366975  2.257979497360  3.0 3.0
   743 H 16.921993180880  9.125936366975  2.257979497360  0.5 0.5
   744 H 18.250989087560  9.601934512617  1.433008494440  0.5 0.5
   745 O 15.170998573960  9.125936366975  6.773979497360  3.0 3.0
   746 H 14.841999587280  9.601934512617  7.598971996440  0.5 0.5
   747 H 14.841999587280  9.601934512617  5.949008494440  0.5 0.5
   748 O 18.847987248800 10.428931290864  4.516058866060  3.0 3.0
   749 H 18.518988262120  9.952933145222  3.691066366980  0.5 0.5
   750 H 18.518988262120 11.381927578252  4.516080384800  0.5 0.5
   751 O 21.598978775720 10.428931290864  4.516058866060  3.0 3.0
   752 H 20.598981855720 10.428931290864  4.516058866060  0.5 0.5
   753 H 21.927977762400 11.381927578252  4.516080384800  0.5 0.5
   754 O 17.921990100880  9.125936366975  6.773979497360  3.0 3.0
   755 H 16.921993180880  9.125936366975  6.773979497360  0.5 0.5
   756 H 18.250989087560  9.601934512617  5.949008494440  0.5 0.5
   757 O 15.170998573960  9.125936366975 11.289979497360  3.0 3.0
   758 H 14.841999587280  9.601934512617 12.114971996440  0.5 0.5
   759 H 14.841999587280  9.601934512617 10.465008494440  0.5 0.5
   760 O 18.847987248800 10.428931290864  9.032058866060  3.0 3.0
   761 H 18.518988262120  9.952933145222  8.207066366980  0.5 0.5
   762 H 18.518988262120 11.381927578252  9.032080384800  0.5 0.5
   763 O 21.598978775720 10.428931290864  9.032058866060  3.0 3.0
   764 H 20.598981855720 10.428931290864  9.032058866060  0.5 0.5
   765 H 21.927977762400 11.381927578252  9.032080384800  0.5 0.5
   766 O 17.921990100880  9.125936366975 11.289979497360  3.0 3.0
   767 H 16.921993180880  9.125936366975 11.289979497360  0.5 0.5
   768 H 18.250989087560  9.601934512617 10.465008494440  0.5 0.5
   769 O 15.170998573960  9.125936366975 15.805979497360  3.0 3.0
   770 H 14.841999587280  9.601934512617 16.630971996440  0.5 0.5
   771 H 14.841999587280  9.601934512617 14.981008494440  0.5 0.5
   772 O 18.847987248800 10.428931290864 13.548058866060  3.0 3.0
   773 H 18.518988262120  9.952933145222 12.723066366980  0.5 0.5
   774 H 18.518988262120 11.381927578252 13.548080384800  0.5 0.5
   775 O 21.598978775720 10.428931290864 13.548058866060  3.0 3.0
   776 H 20.598981855720 10.428931290864 13.548058866060  0.5 0.5
   777 H 21.927977762400 11.381927578252 13.548080384800  0.5 0.5
   778 O 17.921990100880  9.125936366975 15.805979497360  3.0 3.0
   779 H 16.921993180880  9.125936366975 15.805979497360  0.5 0.5
   780 H 18.250989087560  9.601934512617 14.981008494440  0.5 0.5
   781 O 15.170998573960 13.036907090466 -4.516020502640  3.0 3.0
   782 H 14.841999587280 13.512905236108 -3.691028003560  0.5 0.5
   783 H 14.841999587280 13.512905236108 -5.340991505560  0.5 0.5
   784 O 18.847987248800 14.339902014355 -6.773941133940  3.0 3.0
   785 H 18.518988262120 13.863903868713 -7.598933633020  0.5 0.5
   786 H 18.518988262120 15.292898301743 -6.773919615200  0.5 0.5
   787 O 21.598978775720 14.339902014355 -6.773941133940  3.0 3.0
   788 H 20.598981855720 14.339902014355 -6.773941133940  0.5 0.5
   789 H 21.927977762400 15.292898301743 -6.773919615200  0.5 0.5
   790 O 17.921990100880 13.036907090466 -4.516020502640  3.0 3.0
   791 H 16.921993180880 13.036907090466 -4.516020502640  0.5 0.5
   792 H 18.250989087560 13.512905236108 -5.340991505560  0.5 0.5
   793 O 15.170998573960 13.036907090466 -0.000020502640  3.0 3.0
   794 H 14.841999587280 13.512905236108  0.824971996440  0.5 0.5
   795 H 14.841999587280 13.512905236108 -0.824991505560  0.5 0.5
   796 O 18.847987248800 14.339902014355 -2.257941133940  3.0 3.0
   797 H 18.518988262120 13.863903868713 -3.082933633020  0.5 0.5
   798 H 18.518988262120 15.292898301743 -2.257919615200  0.5 0.5
   799 O 21.598978775720 14.339902014355 -2.257941133940  3.0 3.0
   800 H 20.598981855720 14.339902014355 -2.257941133940  0.5 0.5
   801 H 21.927977762400 15.292898301743 -2.257919615200  0.5 0.5
   802 O 17.921990100880 13.036907090466 -0.000020502640  3.0 3.0
   803 H 16.921993180880 13.036907090466 -0.000020502640  0.5 0.5
   804 H 18.250989087560 13.512905236108 -0.824991505560  0.5 0.5
   805 O 15.170998573960 13.036907090466  4.515979497360  3.0 3.0
   806 H 14.841999587280 13.512905236108  5.340971996440  0.5 0.5
   807 H 14.841999587280 13.512905236108  3.691008494440  0.5 0.5
   808 O 18.847987248800 14.339902014355  2.258058866060  3.0 3.0
   809 H 18.518988262120 13.863903868713  1.433066366980  0.5 0.5
   810 H 18.518988262120 15.292898301743  2.258080384800  0.5 0.5
   811 O 21.598978775720 14.339902014355  2.258058866060  3.0 3.0
   812 H 20.598981855720 14.339902014355  2.258058866060  0.5 0.5
   813 H 21.927977762400 15.292898301743  2.258080384800  0.5 0.5
   814 O 17.921990100880 13.036907090466  4.515979497360  3.0 3.0
   815 H 16.921993180880 13.036907090466  4.515979497360  0.5 0.5
   816 H 18.250989087560 13.512905236108  3.691008494440  0.5 0.5
   817 O 15.170998573960 13.036907090466  9.031979497360  3.0 3.0
   818 H 14.841999587280 13.512905236108  9.856971996440  0.5 0.5
   819 H 14.841999587280 13.512905236108  8.207008494440  0.5 0.5
   820 O 18.847987248800 14.339902014355  6.774058866060  3.0 3.0
   821 H 18.518988262120 13.863903868713  5.949066366980  0.5 0.5
   822 H 18.518988262120 15.292898301743  6.774080384800  0.5 0.5
   823 O 21.598978775720 14.339902014355  6.774058866060  3.0 3.0
   824 H 20.598981855720 14.339902014355  6.774058866060  0.5 0.5
   825 H 21.927977762400 15.292898301743  6.774080384800  0.5 0.5
   826 O 17.921990100880 13.036907090466  9.031979497360  3.0 3.0
   827 H 16.921993180880 13.036907090466  9.031979497360  0.5 0.5
   828 H 18.250989087560 13.512905236108  8.207008494440  0.5 0.5
   829 O 15.170998573960 13.036907090466 13.547979497360  3.0 3.0
   830 H 14.841999587280 13.512905236108 14.372971996440  0.5 0.5
   831 H 14.841999587280 13.512905236108 12.723008494440  0.5 0.5
   832 O 18.847987248800 14.339902014355 11.290058866060  3.0 3.0
   833 H 18.518988262120 13.863903868713 10.465066366980  0.5 0.5
   834 H 18.518988262120 15.292898301743 11.290080384800  0.5 0.5
   835 O 21.598978775720 14.339902014355 11.290058866060  3.0 3.0
   836 H 20.598981855720 14.339902014355 11.290058866060  0.5 0.5
   837 H 21.927977762400 15.292898301743 11.290080384800  0.5 0.5
   838 O 17.921990100880 13.036907090466 13.547979497360  3.0 3.0
   839 H 16.921993180880 13.036907090466 13.547979497360  0.5 0.5
   840 H 18.250989087560 13.512905236108 12.723008494440  0.5 0.5
   841 O 15.170998573960 16.947877813957 -6.774020502640  3.0 3.0
   842 H 14.841999587280 17.423875959599 -5.949028003560  0.5 0.5
   843 H 14.841999587280 17.423875959599 -7.598991505560  0.5 0.5
   844 O 18.847987248800 18.250872737846 -9.031941133940  3.0 3.0
   845 H 18.518988262120 17.774874592204 -9.856933633020  0.5 0.5
   846 H 18.518988262120 19.203869025234 -9.031919615200  0.5 0.5
   847 O 21.598978775720 18.250872737846 -9.031941133940  3.0 3.0
   848 H 20.598981855720 18.250872737846 -9.031941133940  0.5 0.5
   849 H 21.927977762400 19.203869025234 -9.031919615200  0.5 0.5
   850 O 17.921990100880 16.947877813957 -6.774020502640  3.0 3.0
   851 H 16.921993180880 16.947877813957 -6.774020502640  0.5 0.5
   852 H 18.250989087560 17.423875959599 -7.598991505560  0.5 0.5
   853 O 15.170998573960 16.947877813957 -2.258020502640  3.0 3.0
   854 H 14.841999587280 17.423875959599 -1.433028003560  0.5 0.5
   855 H 14.841999587280 17.423875959599 -3.082991505560  0.5 0.5
   856 O 18.847987248800 18.250872737846 -4.515941133940  3.0 3.0
   857 H 18.518988262120 17.774874592204 -5.340933633020  0.5 0.5
   858 H 18.518988262120 19.203869025234 -4.515919615200  0.5 0.5
   859 O 21.598978775720 18.250872737846 -4.515941133940  3.0 3.0
   860 H 20.598981855720 18.250872737846 -4.515941133940  0.5 0.5
   861 H 21.927977762400 19.203869025234 -4.515919615200  0.5 0.5
   862 O 17.921990100880 16.947877813957 -2.258020502640  3.0 3.0
   863 H 16.921993180880 16.947877813957 -2.258020502640  0.5 0.5
   864 H 18.250989087560 17.423875959599 -3.082991505560  0.5 0.5
   865 O 15.170998573960 16.947877813957  2.257979497360  3.0 3.0
   866 H 14.841999587280 17.423875959599  3.082971996440  0.5 0.5
   867 H 14.841999587280 17.423875959599  1.433008494440  0.5 0.5
   868 O 18.847987248800 18.250872737846  0.000058866060  3.0 3.0
   869 H 18.518988262120 17.774874592204 -0.824933633020  0.5 0.5
   870 H 18.518988262120 19.203869025234  0.000080384800  0.5 0.5
   871 O 21.598978775720 18.250872737846  0.000058866060  3.0 3.0
   872 H 20.598981855720 18.250872737846  0.000058866060  0.5 0.5
   873 H 21.927977762400 19.203869025234  0.000080384800  0.5 0.5
   874 O 17.921990100880 16.947877813957  2.257979497360  3.0 3.0
   875 H 16.921993180880 16.947877813957  2.257979497360  0.5 0.5
   876 H 18.250989087560 17.423875959599  1.433008494440  0.5 0.5
   877 O 15.170998573960 16.947877813957  6.773979497360  3.0 3.0
   878 H 14.841999587280 17.423875959599  7.598971996440  0.5 0.5
   879 H 14.841999587280 17.423875959599  5.949008494440  0.5 0.5
   880 O 18.847987248800 18.250872737846  4.516058866060  3.0 3.0
   881 H 18.518988262120 17.774874592204  3.691066366980  0.5 0.5
   882 H 18.518988262120 19.203869025234  4.516080384800  0.5 0.5
   883 O 21.598978775720 18.250872737846  4.516058866060  3.0 3.0
   884 H 20.598981855720 18.250872737846  4.516058866060  0.5 0.5
   885 H 21.927977762400 19.203869025234  4.516080384800  0.5 0.5
   886 O 17.921990100880 16.947877813957  6.773979497360  3.0 3.0
   887 H 16.921993180880 16.947877813957  6.773979497360  0.5 0.5
   888 H 18.250989087560 17.423875959599  5.949008494440  0.5 0.5
   889 O 15.170998573960 16.947877813957 11.289979497360  3.0 3.0
   890 H 14.841999587280 17.423875959599 12.114971996440  0.5 0.5
   891 H 14.841999587280 17.423875959599 10.465008494440  0.5 0.5
   892 O 18.847987248800 18.250872737846  9.032058866060  3.0 3.0
   893 H 18.518988262120 17.774874592204  8.207066366980  0.5 0.5
   894 H 18.518988262120 19.203869025234  9.032080384800  0.5 0.5
   895 O 21.598978775720 18.250872737846  9.032058866060  3.0 3.0
   896 H 20.598981855720 18.250872737846  9.032058866060  0.5 0.5
   897 H 21.927977762400 19.203869025234  9.032080384800  0.5 0.5
   898 O 17.921990100880 16.947877813957 11.289979497360  3.0 3.0
   899 H 16.921993180880 16.947877813957 11.289979497360  0.5 0.5
   900 H 18.250989087560 17.423875959599 10.465008494440  0.5 0.5
   901 O 22.524998573960  1.303994919993  2.257979497360  3.0 3.0
   902 H 22.195999587280  1.779993065635  3.082971996440  0.5 0.5
   903 H 22.195999587280  1.779993065635  1.433008494440  0.5 0.5
   904 O 26.201987248800  2.606989843882  0.000058866060  3.0 3.0
   905 H 25.872988262120  2.130991698240 -0.824933633020  0.5 0.5
   906 H 25.872988262120  3.559986131270  0.000080384800  0.5 0.5
   907 O 28.952978775720  2.606989843882  0.000058866060  3.0 3.0
   908 H 27.952981855720  2.606989843882  0.000058866060  0.5 0.5
   909 H 29.281977762400  3.559986131270  0.000080384800  0.5 0.5
   910 O 25.275990100880  1.303994919993  2.257979497360  3.0 3.0
   911 H 24.275993180880  1.303994919993  2.257979497360  0.5 0.5
   912 H 25.604989087560  1.779993065635  1.433008494440  0.5 0.5
   913 O 22.524998573960  1.303994919993  6.773979497360  3.0 3.0
   914 H 22.195999587280  1.779993065635  7.598971996440  0.5 0.5
   915 H 22.195999587280  1.779993065635  5.949008494440  0.5 0.5
   916 O 26.201987248800  2.606989843882  4.516058866060  3.0 3.0
   917 H 25.872988262120  2.130991698240  3.691066366980  0.5 0.5
   918 H 25.872988262120  3.559986131270  4.516080384800  0.5 0.5
   919 O 28.952978775720  2.606989843882  4.516058866060  3.0 3.0
   920 H 27.952981855720  2.606989843882  4.516058866060  0.5 0.5
   921 H 29.281977762400  3.559986131270  4.516080384800  0.5 0.5
   922 O 25.275990100880  1.303994919993  6.773979497360  3.0 3.0
   923 H 24.275993180880  1.303994919993  6.773979497360  0.5 0.5
   924 H 25.604989087560  1.779993065635  5.949008494440  0.5 0.5
   925 O 22.524998573960  1.303994919993 11.289979497360  3.0 3.0
   926 H 22.195999587280  1.779993065635 12.114971996440  0.5 0.5
   927 H 22.195999587280  1.779993065635 10.465008494440  0.5 0.5
   928 O 26.201987248800  2.606989843882  9.032058866060  3.0 3.0
   929 H 25.872988262120  2.130991698240  8.207066366980  0.5 0.5
   930 H 25.872988262120  3.559986131270  9.032080384800  0.5 0.5
   931 O 28.952978775720  2.606989843882  9.032058866060  3.0 3.0
   932 H 27.952981855720  2.606989843882  9.032058866060  0.5 0.5
   933 H 29.281977762400  3.559986131270  9.032080384800  0.5 0.5
   934 O 25.275990100880  1.303994919993 11.289979497360  3.0 3.0
   935 H 24.275993180880  1.303994919993 11.289979497360  0.5 0.5
   936 H 25.604989087560  1.779993065635 10.465008494440  0.5 0.5
   937 O 22.524998573960  1.303994919993 15.805979497360  3.0 3.0
   938 H 22.195999587280  1.779993065635 16.630971996440  0.5 0.5
   939 H 22.195999587280  1.779993065635 14.981008494440  0.5 0.5
   940 O 26.201987248800  2.606989843882 13.548058866060  3.0 3.0
   941 H 25.872988262120  2.130991698240 12.723066366980  0.5 0.5
   942 H 25.872988262120  3.559986131270 13.548080384800  0.5 0.5
   943 O 28.952978775720  2.606989843882 13.548058866060  3.0 3.0
   944 H 27.952981855720  2.606989843882 13.548058866060  0.5 0.5
   945 H 29.281977762400  3.559986131270 13.548080384800  0.5 0.5
   946 O 25.275990100880  1.303994919993 15.805979497360  3.0 3.0
   947 H 24.275993180880  1.303994919993 15.805979497360  0.5 0.5
   948 H 25.604989087560  1.779993065635 14.981008494440  0.5 0.5
   949 O 22.524998573960  1.303994919993 20.321979497360  3.0 3.0
   950 H 22.195999587280  1.779993065635 21.146971996440  0.5 0.5
   951 H 22.195999587280  1.779993065635 19.497008494440  0.5 0.5
   952 O 26.201987248800  2.606989843882 18.064058866060  3.0 3.0
   953 H 25.872988262120  2.130991698240 17.239066366980  0.5 0.5
   954 H 25.872988262120  3.559986131270 18.064080384800  0.5 0.5
   955 O 28.952978775720  2.606989843882 18.064058866060  3.0 3.0
   956 H 27.952981855720  2.606989843882 18.064058866060  0.5 0.5
   957 H 29.281977762400  3.559986131270 18.064080384800  0.5 0.5
   958 O 25.275990100880  1.303994919993 20.321979497360  3.0 3.0
   959 H 24.275993180880  1.303994919993 20.321979497360  0.5 0.5
   960 H 25.604989087560  1.779993065635 19.497008494440  0.5 0.5
   961 O 22.524998573960  5.214965643484 -0.000020502640  3.0 3.0
   962 H 22.195999587280  5.690963789126  0.824971996440  0.5 0.5
   963 H 22.195999587280  5.690963789126 -0.824991505560  0.5 0.5
   964 O 26.201987248800  6.517960567373 -2.257941133940  3.0 3.0
   965 H 25.872988262120  6.041962421731 -3.082933633020  0.5 0.5
   966 H 25.872988262120  7.470956854761 -2.257919615200  0.5 0.5
   967 O 28.952978775720  6.517960567373 -2.257941133940  3.0 3.0
   968 H 27.952981855720  6.517960567373 -2.257941133940  0.5 0.5
   969 H 29.281977762400  7.470956854761 -2.257919615200  0.5 0.5
   970 O 25.275990100880  5.214965643484 -0.000020502640  3.0 3.0
   971 H 24.275993180880  5.214965643484 -0.000020502640  0.5 0.5
   972 H 25.604989087560  5.690963789126 -0.824991505560  0.5 0.5
   973 O 22.524998573960  5.214965643484  4.515979497360  3.0 3.0
   974 H 22.195999587280  5.690963789126  5.340971996440  0.5 0.5
   975 H 22.195999587280  5.690963789126  3.691008494440  0.5 0.5
   976 O 26.201987248800  6.517960567373  2.258058866060  3.0 3.0
   977 H 25.872988262120  6.041962421731  1.433066366980  0.5 0.5
   978 H 25.872988262120  7.470956854761  2.258080384800  0.5 0.5
   979 O 28.952978775720  6.517960567373  2.258058866060  3.0 3.0
   980 H 27.952981855720  6.517960567373  2.258058866060  0.5 0.5
   981 H 29.281977762400  7.470956854761  2.258080384800  0.5 0.5
   982 O 25.275990100880  5.214965643484  4.515979497360  3.0 3.0
   983 H 24.275993180880  5.214965643484  4.515979497360  0.5 0.5
   984 H 25.604989087560  5.690963789126  3.691008494440  0.5 0.5
   985 O 22.524998573960  5.214965643484  9.031979497360  3.0 3.0
   986 H 22.195999587280  5.690963789126  9.856971996440  0.5 0.5
   987 H 22.195999587280  5.690963789126  8.207008494440  0.5 0.5
   988 O 26.201987248800  6.517960567373  6.774058866060  3.0 3.0
   989 H 25.872988262120  6.041962421731  5.949066366980  0.5 0.5
   990 H 25.872988262120  7.470956854761  6.774080384800  0.5 0.5
   991 O 28.952978775720  6.517960567373  6.774058866060  3.0 3.0
   992 H 27.952981855720  6.517960567373  6.774058866060  0.5 0.5
   993 H 29.281977762400  7.470956854761  6.774080384800  0.5 0.5
   994 O 25.275990100880  5.214965643484  9.031979497360  3.0 3.0
   995 H 24.275993180880  5.214965643484  9.031979497360  0.5 0.5
   996 H 25.604989087560  5.690963789126  8.207008494440  0.5 0.5
   997 O 22.524998573960  5.214965643484 13.547979497360  3.0 3.0
   998 H 22.195999587280  5.690963789126 14.372971996440  0.5 0.5
   999 H 22.195999587280  5.690963789126 12.723008494440  0.5 0.5
  1000 O 26.201987248800  6.517960567373 11.290058866060  3.0 3.0
  1001 H 25.872988262120  6.041962421731 10.465066366980  0.5 0.5
  1002 H 25.872988262120  7.470956854761 11.290080384800  0.5 0.5
  1003 O 28.952978775720  6.517960567373 11.290058866060  3.0 3.0
  1004 H 27.952981855720  6.517960567373 11.290058866060  0.5 0.5
  1005 H 29.281977762400  7.470956854761 11.290080384800  0.5 0.5
  1006 O 25.275990100880  5.214965643484 13.547979497360  3.0 3.0
  1007 H 24.275993180880  5.214965643484 13.547979497360  0.5 0.5
  1008 H 25.604989087560  5.690963789126 12.723008494440  0.5 0.5
  1009 O 22.524998573960  5.214965643484 18.063979497360  3.0 3.0
  1010 H 22.195999587280  5.690963789126 18.888971996440  0.5 0.5
  1011 H 22.195999587280  5.690963789126 17.239008494440  0.5 0.5
  1012 O 26.201987248800  6.517960567373 15.806058866060  3.0 3.0
  1013 H 25.872988262120  6.041962421731 14.981066366980  0.5 0.5
  1014 H 25.872988262120  7.470956854761 15.806080384800  0.5 0.5
  1015 O 28.952978775720  6.517960567373 15.806058866060  3.0 3.0
  1016 H 27.952981855720  6.517960567373 15.806058866060  0.5 0.5
  1017 H 29.281977762400  7.470956854761 15.806080384800  0.5 0.5
  1018 O 25.275990100880  5.214965643484 18.063979497360  3.0 3.0
  1019 H 24.275993180880  5.214965643484 18.063979497360  0.5 0.5
  1020 H 25.604989087560  5.690963789126 17.239008494440  0.5 0.5
  1021 O 22.524998573960  9.125936366975 -2.258020502640  3.0 3.0
  1022 H 22.195999587280  9.601934512617 -1.433028003560  0.5 0.5
  1023 H 22.195999587280  9.601934512617 -3.082991505560  0.5 0.5
  1024 O 26.201987248800 10.428931290864 -4.515941133940  3.0 3.0
  1025 H 25.872988262120  9.952933145222 -5.340933633020  0.5 0.5
  1026 H 25.872988262120 11.381927578252 -4.515919615200  0.5 0.5
  1027 O 28.952978775720 10.428931290864 -4.515941133940  3.0 3.0
  1028 H 27.952981855720 10.428931290864 -4.515941133940  0.5 0.5
  1029 H 29.281977762400 11.381927578252 -4.515919615200  0.5 0.5
  1030 O 25.275990100880  9.125936366975 -2.258020502640  3.0 3.0
  1031 H 24.275993180880  9.125936366975 -2.258020502640  0.5 0.5
  1032 H 25.604989087560  9.601934512617 -3.082991505560  0.5 0.5
  1033 O 22.524998573960  9.125936366975  2.257979497360  3.0 3.0
  1034 H 22.195999587280  9.601934512617  3.082971996440  0.5 0.5
  1035 H 22.195999587280  9.601934512617  1.433008494440  0.5 0.5
  1036 O 26.201987248800 10.428931290864  0.000058866060  3.0 3.0
  1037 H 25.872988262120  9.952933145222 -0.824933633020  0.5 0.5
  1038 H 25.872988262120 11.381927578252  0.000080384800  0.5 0.5
  1039 O 28.952978775720 10.428931290864  0.000058866060  3.0 3.0
  1040 H 27.952981855720 10.428931290864  0.000058866060  0.5 0.5
  1041 H 29.281977762400 11.381927578252  0.000080384800  0.5 0.5
  1042 O 25.275990100880  9.125936366975  2.257979497360  3.0 3.0
  1043 H 24.275993180880  9.125936366975  2.257979497360  0.5 0.5
  1044 H 25.604989087560  9.601934512617  1.433008494440  0.5 0.5
  1045 O 22.524998573960  9.125936366975  6.773979497360  3.0 3.0
  1046 H 22.195999587280  9.601934512617  7.598971996440  0.5 0.5
  1047 H 22.195999587280  9.601934512617  5.949008494440  0.5 0.5
  1048 O 26.201987248800 10.428931290864  4.516058866060  3.0 3.0
  1049 H 25.872988262120  9.952933145222  3.691066366980  0.5 0.5
  1050 H 25.872988262120 11.381927578252  4.516080384800  0.5 0.5
  1051 O 28.952978775720 10.428931290864  4.516058866060  3.0 3.0
  1052 H 27.952981855720 10.428931290864  4.516058866060  0.5 0.5
  1053 H 29.281977762400 11.381927578252  4.516080384800  0.5 0.5
  1054 O 25.275990100880  9.125936366975  6.773979497360  3.0 3.0
  1055 H 24.275993180880  9.125936366975  6.773979497360  0.5 0.5
  1056 H 25.604989087560  9.601934512617  5.949008494440  0.5 0.5
  1057 O 22.524998573960  9.125936366975 11.289979497360  3.0 3.0
  1058 H 22.195999587280  9.601934512617 12.114971996440  0.5 0.5
  1059 H 22.195999587280  9.601934512617 10.465008494440  0.5 0.5
  1060 O 26.201987248800 10.428931290864  9.032058866060  3.0 3.0
  1061 H 25.872988262120  9.952933145222  8.207066366980  0.5 0.5
  1062 H 25.872988262120 11.381927578252  9.032080384800  0.5 0.5
  1063 O 28.952978775720 10.428931290864  9.032058866060  3.0 3.0
  1064 H 27.952981855720 10.428931290864  9.032058866060  0.5 0.5
  1065 H 29.281977762400 11.381927578252  9.032080384800  0.5 0.5
  1066 O 25.275990100880  9.125936366975 11.289979497360  3.0 3.0
  1067 H 24.275993180880  9.125936366975 11.289979497360  0.5 0.5
  1068 H 25.604989087560  9.601934512617 10.465008494440  0.5 0.5
  1069 O 22.524998573960  9.125936366975 15.805979497360  3.0 3.0
  1070 H 22.195999587280  9.601934512617 16.630971996440  0.5 0.5
  1071 H 22.195999587280  9.601934512617 14.981008494440  0.5 0.5
  1072 O 26.201987248800 10.428931290864 13.548058866060  3.0 3.0
  1073 H 25.872988262120  9.952933145222 12.723066366980  0.5 0.5
  1074 H 25.872988262120 11.381927578252 13.548080384800  0.5 0.5
  1075 O 28.952978775720 10.428931290864 13.548058866060  3.0 3.0
  1076 H 27.952981855720 10.428931290864 13.548058866060  0.5 0.5
  1077 H 29.281977762400 11.381927578252 13.548080384800  0.5 0.5
  1078 O 25.275990100880  9.125936366975 15.805979497360  3.0 3.0
  1079 H 24.275993180880  9.125936366975 15.805979497360  0.5 0.5
  1080 H 25.604989087560  9.601934512617 14.981008494440  0.5 0.5
  1081 O 22.524998573960 13.036907090466 -4.516020502640  3.0 3.0
  1082 H 22.195999587280 13.512905236108 -3.691028003560  0.5 0.5
  1083 H 22.195999587280 13.512905236108 -5.340991505560  0.5 0.5
  1084 O 26.201987248800 14.339902014355 -6.773941133940  3.0 3.0
  1085 H 25.872988262120 13.863903868713 -7.598933633020  0.5 0.5
  1086 H 25.872988262120 15.292898301743 -6.773919615200  0.5 0.5
  1087 O 28.952978775720 14.339902014355 -6.773941133940  3.0 3.0
  1088 H 27.952981855720 14.339902014355 -6.773941133940  0.5 0.5
  1089 H 29.281977762400 15.292898301743 -6.773919615200  0.5 0.5
  1090 O 25.275990100880 13.036907090466 -4.516020502640  3.0 3.0
  1091 H 24.275993180880 13.036907090466 -4.516020502640  0.5 0.5
  1092 H 25.604989087560 13.512905236108 -5.340991505560  0.5 0.5
  1093 O 22.524998573960 13.036907090466 -0.000020502640  3.0 3.0
  1094 H 22.195999587280 13.512905236108  0.824971996440  0.5 0.5
  1095 H 22.195999587280 13.512905236108 -0.824991505560  0.5 0.5
  1096 O 26.201987248800 14.339902014355 -2.257941133940  3.0 3.0
  1097 H 25.872988262120 13.863903868713 -3.082933633020  0.5 0.5
  1098 H 25.872988262120 15.292898301743 -2.257919615200  0.5 0.5
  1099 O 28.952978775720 14.339902014355 -2.257941133940  3.0 3.0
  1100 H 27.952981855720 14.339902014355 -2.257941133940  0.5 0.5
  1101 H 29.281977762400 15.292898301743 -2.257919615200  0.5 0.5
  1102 O 25.275990100880 13.036907090466 -0.000020502640  3.0 3.0
  1103 H 24.275993180880 13.036907090466 -0.000020502640  0.5 0.5
  1104 H 25.604989087560 13.512905236108 -0.824991505560  0.5 0.5
  1105 O 22.524998573960 13.036907090466  4.515979497360  3.0 3.0
  1106 H 22.195999587280 13.512905236108  5.340971996440  0.5 0.5
  1107 H 22.195999587280 13.512905236108  3.691008494440  0.5 0.5
  1108 O 26.201987248800 14.339902014355  2.258058866060  3.0 3.0
  1109 H 25.872988262120 13.863903868713  1.433066366980  0.5 0.5
  1110 H 25.872988262120 15.292898301743  2.258080384800  0.5 0.5
  1111 O 28.952978775720 14.339902014355  2.258058866060  3.0 3.0
  1112 H 27.952981855720 14.339902014355  2.258058866060  0.5 0.5
  1113 H 29.281977762400 15.292898301743  2.258080384800  0.5 0.5
  1114 O 25.275990100880 13.036907090466  4.515979497360  3.0 3.0
  1115 H 24.275993180880 13.036907090466  4.515979497360  0.5 0.5
  1116 H 25.604989087560 13.512905236108  3.691008494440  0.5 0.5
  1117 O 22.524998573960 13.036907090466  9.031979497360  3.0 3.0
  1118 H 22.195999587280 13.512905236108  9.856971996440  0.5 0.5
  1119 H 22.195999587280 13.512905236108  8.207008494440  0.5 0.5
  1120 O 26.201987248800 14.339902014355  6.774058866060  3.0 3.0
  1121 H 25.872988262120 13.863903868713  5.949066366980  0.5 0.5
  1122 H 25.872988262120 15.292898301743  6.774080384800  0.5 0.5
  1123 O 28.952978775720 14.339902014355  6.774058866060  3.0 3.0
  1124 H 27.952981855720 14.339902014355  6.774058866060  0.5 0.5
  1125 H 29.281977762400 15.292898301743  6.774080384800  0.5 0.5
  1126 O 25.275990100880 13.036907090466  9.031979497360  3.0 3.0
  1127 H 24.275993180880 13.036907090466  9.031979497360  0.5 0.5
  1128 H 25.604989087560 13.512905236108  8.207008494440  0.5 0.5
  1129 O 22.524998573960 13.036907090466 13.547979497360  3.0 3.0
  1130 H 22.195999587280 13.512905236108 14.372971996440  0.5 0.5
  1131 H 22.195999587280 13.512905236108 12.723008494440  0.5 0.5
  1132 O 26.201987248800 14.339902014355 11.290058866060  3.0 3.0
  1133 H 25.872988262120 13.863903868713 10.465066366980  0.5 0.5
  1134 H 25.872988262120 15.292898301743 11.290080384800  0.5 0.5
  1135 O 28.952978775720 14.339902014355 11.290058866060  3.0 3.0
  1136 H 27.952981855720 14.339902014355 11.290058866060  0.5 0.5
  1137 H 29.281977762400 15.292898301743 11.290080384800  0.5 0.5
  1138 O 25.275990100880 13.036907090466 13.547979497360  3.0 3.0
  1139 H 24.275993180880 13.036907090466 13.547979497360  0.5 0.5
  1140 H 25.604989087560 13.512905236108 12.723008494440  0.5 0.5
  1141 O 22.524998573960 16.947877813957 -6.774020502640  3.0 3.0
  1142 H 22.195999587280 17.423875959599 -5.949028003560  0.5 0.5
  1143 H 22.195999587280 17.423875959599 -7.598991505560  0.5 0.5
  1144 O 26.201987248800 18.250872737846 -9.031941133940  3.0 3.0
  1145 H 25.872988262120 17.774874592204 -9.856933633020  0.5 0.5
  1146 H 25.872988262120 19.203869025234 -9.031919615200  0.5 0.5
  1147 O 28.952978775720 18.250872737846 -9.031941133940  3.0 3.0
  1148 H 27.952981855720 18.250872737846 -9.031941133940  0.5 0.5
  1149 H 29.281977762400 19.203869025234 -9.031919615200  0.5 0.5
  1150 O 25.275990100880 16.947877813957 -6.774020502640  3.0 3.0
  1151 H 24.275993180880 16.947877813957 -6.774020502640  0.5 0.5
  1152 H 25.604989087560 17.423875959599 -7.598991505560  0.5 0.5
  1153 O 22.524998573960 16.947877813957 -2.258020502640  3.0 3.0
  1154 H 22.195999587280 17.423875959599 -1.433028003560  0.5 0.5
  1155 H 22.195999587280 17.423875959599 -3.082991505560  0.5 0.5
  1156 O 26.201987248800 18.250872737846 -4.515941133940  3.0 3.0
  1157 H 25.872988262120 17.774874592204 -5.340933633020  0.5 0.5
  1158 H 25.872988262120 19.203869025234 -4.515919615200  0.5 0.5
  1159 O 28.952978775720 18.250872737846 -4.515941133940  3.0 3.0
  1160 H 27.952981855720 18.250872737846 -4.515941133940  0.5 0.5
  1161 H 29.281977762400 19.203869025234 -4.515919615200  0.5 0.5
  1162 O 25.275990100880 16.947877813957 -2.258020502640  3.0 3.0
  1163 H 24.275993180880 16.947877813957 -2.258020502640  0.5 0.5
  1164 H 25.604989087560 17.423875959599 -3.082991505560  0.5 0.5
  1165 O 22.524998573960 16.947877813957  2.257979497360  3.0 3.0
  1166 H 22.195999587280 17.423875959599  3.082971996440  0.5 0.5
  1167 H 22.195999587280 17.423875959599  1.433008494440  0.5 0.5
  1168 O 26.201987248800 18.250872737846  0.000058866060  3.0 3.0
  1169 H 25.872988262120 17.774874592204 -0.824933633020  0.5 0.5
  1170 H 25.872988262120 19.203869025234  0.000080384800  0.5 0.5
  1171 O 28.952978775720 18.250872737846  0.000058866060  3.0 3.0
  1172 H 27.952981855720 18.250872737846  0.000058866060  0.5 0.5
  1173 H 29.281977762400 19.203869025234  0.000080384800  0.5 0.5
  1174 O 25.275990100880 16.947877813957  2.257979497360  3.0 3.0
  1175 H 24.275993180880 16.947877813957  2.257979497360  0.5 0.5
  1176 H 25.604989087560 17.423875959599  1.433008494440  0.5 0.5
  1177 O 22.524998573960 16.947877813957  6.773979497360  3.0 3.0
  1178 H 22.195999587280 17.423875959599  7.598971996440  0.5 0.5
  1179 H 22.195999587280 17.423875959599  5.949008494440  0.5 0.5
  1180 O 26.201987248800 18.250872737846  4.516058866060  3.0 3.0
  1181 H 25.872988262120 17.774874592204  3.691066366980  0.5 0.5
  1182 H 25.872988262120 19.203869025234  4.516080384800  0.5 0.5
  1183 O 28.952978775720 18.250872737846  4.516058866060  3.0 3.0
  1184 H 27.952981855720 18.250872737846  4.516058866060  0.5 0.5
  1185 H 29.281977762400 19.203869025234  4.516080384800  0.5 0.5
  1186 O 25.275990100880 16.947877813957  6.773979497360  3.0 3.0
  1187 H 24.275993180880 16.947877813957  6.773979497360  0.5 0.5
  1188 H 25.604989087560 17.423875959599  5.949008494440  0.5 0.5
  1189 O 22.524998573960 16.947877813957 11.289979497360  3.0 3.0
  1190 H 22.195999587280 17.423875959599 12.114971996440  0.5 0.5
  1191 H 22.195999587280 17.423875959599 10.465008494440  0.5 0.5
  1192 O 26.201987248800 18.250872737846  9.032058866060  3.0 3.0
  1193 H 25.872988262120 17.774874592204  8.207066366980  0.5 0.5
  1194 H 25.872988262120 19.203869025234  9.032080384800  0.5 0.5
  1195 O 28.952978775720 18.250872737846  9.032058866060  3.0 3.0
  1196 H 27.952981855720 18.250872737846  9.032058866060  0.5 0.5
  1197 H 29.281977762400 19.203869025234  9.032080384800  0.5 0.5
  1198 O 25.275990100880 16.947877813957 11.289979497360  3.0 3.0
  1199 H 24.275993180880 16.947877813957 11.289979497360  0.5 0.5
  1200 H 25.604989087560 17.423875959599 10.465008494440  0.5 0.5
Atoms.SpeciesAndCoordinates>
Atoms.UnitVectors.Unit             Ang #  Ang|AU
<Atoms.UnitVectors                     # unit=Ang.
29.416000000000  0.000000000000   0.000000000000
 0.000000000000 19.554853617455 -11.290000000000
 0.000000000000  0.000000000000  22.580000000000
Atoms.UnitVectors>

#
# SCF or Electronic System
#

scf.XcType                GGA-PBE      # LDA|LSDA-CA|LSDA-PW
scf.SpinPolarization       off         # On|Off
scf.ElectronicTemperature  600.0       # default=300 (K)
scf.energycutoff           180.0       # default=150 (Ry)
scf.ProExpn.VNA             on         # default=on
scf.maxIter                 300        # default=40
scf.EigenvalueSolver       cluster     # Recursion|Cluster|Band
scf.Kgrid                 1 1 1        # means 4x4x4
scf.Mixing.Type           rmm-diisk    # Simple|Rmm-Diis|Gr-Pulay
scf.Init.Mixing.Weight     0.010       # default=0.30 
scf.Min.Mixing.Weight      0.001       # default=0.001 
scf.Max.Mixing.Weight      0.200       # default=0.40 
scf.Mixing.History          30         # default=5
scf.Mixing.StartPulay       15         # default=6
scf.criterion             1.0e-10      # default=1.0e-6 (Hartree) 

#
# MD or Geometry Optimization
#

MD.Type                     nomd       # Nomd|Opt|DIIS|NVE|NVT_VS|NVT_NH
MD.maxIter                   1         # default=1
MD.TimeStep                0.5         # default=0.5 (fs)
MD.Opt.criterion          1.0e-4       # default=1.0e-4 (Hartree/bohr)
